Sample in Buffer	Sample in Window	trig0/data0[0]	trig0/data0[1]	trig0/data0[2]	trig0/data0[3]	trig0/data0[4]	trig0/data0[5]	trig0/data0[6]	trig0/data0[7]	trig0/data0[8]	trig0/data0[9]	trig0/data0[10]	trig0/data0[11]	trig1/data1[0]	trig2/data2[0]	trig2/data2[1]	trig2/data2[2]	trig2/data2[3]	trig2/data2[4]	trig2/data2[5]	trig2/data2[6]	trig2/data2[7]	trig2/data2[8]	trig2/data2[9]	trig2/data2[10]	trig2/data2[11]	trig3/data3[0]	trig3/data3[1]	trig3/data3[2]	trig3/data3[3]	trig3/data3[4]	trig3/data3[5]	trig3/data3[6]	trig3/data3[7]	trig3/data3[8]	trig3/data3[9]	trig3/data3[10]	trig3/data3[11]	rxd	rx_i	rx_q
0	0	1	0	1	1	1	1	1	1	1	1	1	1	1	0	0	0	1	1	0	1	1	1	1	1	1	1	1	0	0	0	0	1	1	1	1	1	1	-3	-61	-40	
1	1	0	1	0	1	0	1	0	1	1	1	1	1	0	0	0	0	1	1	0	1	1	1	1	1	1	1	1	0	0	0	0	1	1	1	1	1	1	-86	-61	-40	
2	2	0	1	0	0	1	0	0	0	0	0	0	0	1	1	0	1	0	0	1	1	1	1	1	1	1	1	1	0	0	1	1	0	1	1	1	1	1	18	-77	-27	
3	3	1	1	0	0	0	1	0	1	1	1	1	1	0	1	0	1	0	0	1	1	1	1	1	1	1	1	1	0	0	1	1	0	1	1	1	1	1	-93	-77	-27	
4	4	1	0	1	1	0	1	0	0	0	0	0	0	1	1	0	1	1	1	1	1	1	1	1	1	1	0	1	0	1	0	1	0	1	1	1	1	1	45	-86	-3	
5	5	1	1	0	1	0	1	0	1	1	1	1	1	0	1	0	1	1	1	1	1	1	1	1	1	1	0	1	0	1	0	1	0	1	1	1	1	1	-85	-86	-3	
6	6	0	1	1	0	0	0	1	0	0	0	0	0	1	0	1	0	0	1	0	0	0	0	0	0	0	1	1	0	0	0	1	0	1	1	1	1	1	70	-93	18	
7	7	1	1	0	0	1	1	0	1	1	1	1	1	0	0	1	0	0	1	0	0	0	0	0	0	0	1	1	0	0	0	1	0	1	1	1	1	1	-77	-93	18	
8	8	1	0	0	1	1	0	1	0	0	0	0	0	1	1	0	1	1	0	1	0	0	0	0	0	0	1	1	0	1	0	1	0	1	1	1	1	1	89	-85	45	
9	9	0	1	1	0	0	0	1	1	1	1	1	1	0	1	0	1	1	0	1	0	0	0	0	0	0	1	1	0	1	0	1	0	1	1	1	1	1	-58	-85	45	
10	10	0	1	0	1	0	1	1	0	0	0	0	0	1	0	1	1	0	0	0	1	0	0	0	0	0	1	1	0	0	1	1	0	1	1	1	1	1	106	-77	70	
11	11	0	1	1	1	1	0	1	1	1	1	1	1	0	0	1	1	0	0	0	1	0	0	0	0	0	1	1	0	0	1	1	0	1	1	1	1	1	-34	-77	70	
12	12	1	0	0	0	1	1	1	0	0	0	0	0	1	1	0	0	1	1	0	1	0	0	0	0	0	0	1	1	0	0	0	1	1	1	1	1	1	113	-58	89	
13	13	1	0	1	0	1	1	1	1	1	1	1	1	0	1	0	0	1	1	0	1	0	0	0	0	0	0	1	1	0	0	0	1	1	1	1	1	1	-11	-58	89	
14	14	1	1	1	1	0	1	1	0	0	0	0	0	1	0	1	0	1	0	1	1	0	0	0	0	0	0	1	1	1	1	0	1	1	1	1	1	1	111	-34	106	
15	15	0	1	1	1	0	0	0	0	0	0	0	0	0	0	1	0	1	0	1	1	0	0	0	0	0	0	1	1	1	1	0	1	1	1	1	1	1	14	-34	106	
16	16	1	0	1	0	0	1	1	0	0	0	0	0	1	1	0	0	0	1	1	1	0	0	0	0	0	1	0	1	0	1	1	1	1	1	1	1	1	101	-11	113	
17	17	1	0	0	1	0	1	0	0	0	0	0	0	0	1	0	0	0	1	1	1	0	0	0	0	0	1	0	1	0	1	1	1	1	1	1	1	1	41	-11	113	
18	18	0	0	1	0	1	0	1	0	0	0	0	0	1	1	1	1	1	0	1	1	0	0	0	0	0	0	1	1	1	0	0	0	0	0	0	0	0	84	14	111	
19	19	0	1	0	1	1	1	0	0	0	0	0	0	0	1	1	1	1	0	1	1	0	0	0	0	0	0	1	1	1	0	0	0	0	0	0	0	0	58	14	111	
20	20	1	0	1	1	1	1	0	0	0	0	0	0	1	1	0	1	0	0	1	1	0	0	0	0	0	1	0	0	1	0	1	0	0	0	0	0	0	61	41	101	
21	21	0	1	1	0	0	0	1	0	0	0	0	0	0	1	0	1	0	0	1	1	0	0	0	0	0	1	0	0	1	0	1	0	0	0	0	0	0	70	41	101	
22	22	1	1	0	0	0	1	0	0	0	0	0	0	1	0	0	1	0	1	0	1	0	0	0	0	0	0	1	0	1	1	1	0	0	0	0	0	0	35	58	84	
23	23	1	0	0	1	0	0	1	0	0	0	0	0	0	0	0	1	0	1	0	1	0	0	0	0	0	0	1	0	1	1	1	0	0	0	0	0	0	73	58	84	
24	24	0	1	0	1	0	0	0	0	0	0	0	0	1	1	0	1	1	1	1	0	0	0	0	0	0	0	1	1	0	0	0	1	0	0	0	0	0	10	70	61	
25	25	1	0	1	0	0	0	1	0	0	0	0	0	0	1	0	1	1	1	1	0	0	0	0	0	0	0	1	1	0	0	0	1	0	0	0	0	0	69	70	61	
26	26	1	0	1	0	1	1	1	1	1	1	1	1	1	1	1	0	0	0	1	0	0	0	0	0	0	1	0	0	1	0	0	1	0	0	0	0	0	-11	73	35	
27	27	1	1	1	0	1	1	0	0	0	0	0	0	0	1	1	0	0	0	1	0	0	0	0	0	0	1	0	0	1	0	0	1	0	0	0	0	0	55	73	35	
28	28	0	0	0	0	0	1	1	1	1	1	1	1	1	0	1	0	1	0	0	0	0	0	0	0	0	1	0	1	0	0	0	1	0	0	0	0	0	-32	69	10	
29	29	0	0	0	1	0	1	0	0	0	0	0	0	0	0	1	0	1	0	0	0	0	0	0	0	0	1	0	1	0	0	0	1	0	0	0	0	0	40	69	10	
30	30	0	1	0	0	1	0	1	1	1	1	1	1	1	1	0	1	0	1	1	1	1	1	1	1	1	1	1	1	0	1	1	0	0	0	0	0	0	-46	55	-11	
31	31	0	1	1	1	0	0	0	0	0	0	0	0	0	1	0	1	0	1	1	1	1	1	1	1	1	1	1	1	0	1	1	0	0	0	0	0	0	14	55	-11	
32	32	0	1	1	1	0	0	1	1	1	1	1	1	1	0	0	0	0	0	1	1	1	1	1	1	1	0	0	0	1	0	1	0	0	0	0	0	0	-50	40	-32	
33	33	0	0	1	0	1	1	1	1	1	1	1	1	0	0	0	0	0	0	1	1	1	1	1	1	1	0	0	0	1	0	1	0	0	0	0	0	0	-12	40	-32	
34	34	1	0	1	1	0	0	1	1	1	1	1	1	1	0	1	0	0	1	0	1	1	1	1	1	1	0	1	1	1	0	0	0	0	0	0	0	0	-51	14	-46	
35	35	0	1	0	1	1	0	1	1	1	1	1	1	0	0	1	0	0	1	0	1	1	1	1	1	1	0	1	1	1	0	0	0	0	0	0	0	0	-38	14	-46	
36	36	1	0	1	0	1	0	1	1	1	1	1	1	1	0	1	1	1	0	0	1	1	1	1	1	1	0	0	1	0	1	1	1	1	1	1	1	1	-43	-12	-50	
37	37	1	1	1	0	0	0	1	1	1	1	1	1	0	0	1	1	1	0	0	1	1	1	1	1	1	0	0	1	0	1	1	1	1	1	1	1	1	-57	-12	-50	
38	38	1	1	0	0	0	1	1	1	1	1	1	1	1	1	0	1	1	0	0	1	1	1	1	1	1	0	1	0	1	1	0	1	1	1	1	1	1	-29	-38	-51	
39	39	0	0	1	0	1	1	0	1	1	1	1	1	0	1	0	1	1	0	0	1	1	1	1	1	1	0	1	0	1	1	0	1	1	1	1	1	1	-76	-38	-51	
40	40	1	0	1	0	1	1	1	1	1	1	1	1	1	1	0	1	0	1	0	1	1	1	1	1	1	1	1	1	0	0	0	1	1	1	1	1	1	-11	-57	-43	
41	41	0	1	0	1	0	1	0	1	1	1	1	1	0	1	0	1	0	1	0	1	1	1	1	1	1	1	1	1	0	0	0	1	1	1	1	1	1	-86	-57	-43	
42	42	1	0	0	0	1	0	0	0	0	0	0	0	1	1	1	0	0	0	1	1	1	1	1	1	1	0	0	1	0	1	1	0	1	1	1	1	1	17	-76	-29	
43	43	1	0	1	0	0	1	0	1	1	1	1	1	0	1	1	0	0	0	1	1	1	1	1	1	1	0	0	1	0	1	1	0	1	1	1	1	1	-91	-76	-29	
44	44	1	0	1	1	0	1	0	0	0	0	0	0	1	1	0	1	0	1	1	1	1	1	1	1	1	0	1	0	1	0	1	0	1	1	1	1	1	45	-86	-11	
45	45	0	1	0	1	0	1	0	1	1	1	1	1	0	1	0	1	0	1	1	1	1	1	1	1	1	0	1	0	1	0	1	0	1	1	1	1	1	-86	-86	-11	
46	46	1	0	0	0	0	0	1	0	0	0	0	0	1	1	0	0	0	1	0	0	0	0	0	0	0	1	0	1	0	0	1	0	1	1	1	1	1	65	-91	17	
47	47	0	0	1	0	1	1	0	1	1	1	1	1	0	1	0	0	0	1	0	0	0	0	0	0	0	1	0	1	0	0	1	0	1	1	1	1	1	-76	-91	17	
48	48	1	1	1	0	1	0	1	0	0	0	0	0	1	1	0	1	1	0	1	0	0	0	0	0	0	0	1	0	1	0	1	0	1	1	1	1	1	87	-86	45	
49	49	1	0	0	0	0	0	1	1	1	1	1	1	0	1	0	1	1	0	1	0	0	0	0	0	0	0	1	0	1	0	1	0	1	1	1	1	1	-63	-86	45	
50	50	0	1	0	1	0	1	1	0	0	0	0	0	1	1	0	0	0	0	0	1	0	0	0	0	0	0	0	1	0	1	1	0	1	1	1	1	1	106	-76	65	
51	51	1	0	0	1	1	0	1	1	1	1	1	1	0	1	0	0	0	0	0	1	0	0	0	0	0	0	0	1	0	1	1	0	1	1	1	1	1	-39	-76	65	
52	52	1	1	1	1	0	1	1	0	0	0	0	0	1	1	1	1	0	1	0	1	0	0	0	0	0	1	0	0	0	0	0	1	1	1	1	1	1	111	-63	87	
53	53	0	1	0	0	1	1	1	1	1	1	1	1	0	1	1	1	0	1	0	1	0	0	0	0	0	1	0	0	0	0	0	1	1	1	1	1	1	-14	-63	87	
54	54	0	0	0	0	1	1	1	0	0	0	0	0	1	0	1	0	1	0	1	1	0	0	0	0	0	1	0	0	1	1	0	1	1	1	1	1	1	112	-39	106	
55	55	0	1	1	1	0	0	0	0	0	0	0	0	0	0	1	0	1	0	1	1	0	0	0	0	0	1	0	0	1	1	0	1	1	1	1	1	1	14	-39	106	
56	56	0	0	0	1	0	1	1	0	0	0	0	0	1	1	1	1	1	0	1	1	0	0	0	0	0	0	1	0	0	1	1	1	1	1	1	1	1	104	-14	111	
57	57	1	1	0	0	0	1	0	0	0	0	0	0	0	1	1	1	1	0	1	1	0	0	0	0	0	0	1	0	0	1	1	1	1	1	1	1	1	35	-14	111	
58	58	0	0	0	1	1	0	1	0	0	0	0	0	1	0	0	0	0	1	1	1	0	0	0	0	0	0	1	1	1	0	0	0	0	0	0	0	0	88	14	112	
59	59	1	1	1	0	1	1	0	0	0	0	0	0	0	0	0	0	0	1	1	1	0	0	0	0	0	0	1	1	1	0	0	0	0	0	0	0	0	55	14	112	
60	60	0	0	1	0	0	0	1	0	0	0	0	0	1	0	0	0	1	0	1	1	0	0	0	0	0	1	1	0	0	0	1	0	0	0	0	0	0	68	35	104	
61	61	1	0	1	0	0	0	1	0	0	0	0	0	0	0	0	0	1	0	1	1	0	0	0	0	0	1	1	0	0	0	1	0	0	0	0	0	0	69	35	104	
62	62	1	1	1	0	0	1	0	0	0	0	0	0	1	0	0	0	1	1	0	1	0	0	0	0	0	1	1	1	0	1	1	0	0	0	0	0	0	39	55	88	
63	63	1	0	0	1	0	0	1	0	0	0	0	0	0	0	0	0	1	1	0	1	0	0	0	0	0	1	1	1	0	1	1	0	0	0	0	0	0	73	55	88	
64	64	1	0	1	1	0	0	0	0	0	0	0	0	1	0	0	1	0	0	0	1	0	0	0	0	0	1	0	1	0	0	0	1	0	0	0	0	0	13	69	68	
65	65	0	1	0	0	0	0	1	0	0	0	0	0	0	0	0	1	0	0	0	1	0	0	0	0	0	1	0	1	0	0	0	1	0	0	0	0	0	66	69	68	
66	66	0	1	1	0	1	1	1	1	1	1	1	1	1	1	1	1	0	0	1	0	0	0	0	0	0	1	0	0	1	0	0	1	0	0	0	0	0	-10	73	39	
67	67	0	1	0	1	1	1	0	0	0	0	0	0	0	1	1	1	0	0	1	0	0	0	0	0	0	1	0	0	1	0	0	1	0	0	0	0	0	58	73	39	
68	68	1	1	0	0	0	1	1	1	1	1	1	1	1	1	0	1	1	0	0	0	0	0	0	0	0	0	1	0	0	0	0	1	0	0	0	0	0	-29	66	13	
69	69	0	0	0	1	0	1	0	0	0	0	0	0	0	1	0	1	1	0	0	0	0	0	0	0	0	0	1	0	0	0	0	1	0	0	0	0	0	40	66	13	
70	70	1	0	1	0	1	0	1	1	1	1	1	1	1	0	1	1	0	1	1	1	1	1	1	1	1	0	1	0	1	1	1	0	0	0	0	0	0	-43	58	-10	
71	71	1	1	0	0	1	0	0	0	0	0	0	0	0	0	1	1	0	1	1	1	1	1	1	1	1	0	1	0	1	1	1	0	0	0	0	0	0	19	58	-10	
72	72	0	0	1	1	0	0	1	1	1	1	1	1	1	1	1	0	0	0	1	1	1	1	1	1	1	0	0	0	1	0	1	0	0	0	0	0	0	-52	40	-29	
73	73	0	1	1	0	1	1	1	1	1	1	1	1	0	1	1	0	0	0	1	1	1	1	1	1	1	0	0	0	1	0	1	0	0	0	0	0	0	-10	40	-29	
74	74	0	0	1	1	0	0	1	1	1	1	1	1	1	1	0	1	0	1	0	1	1	1	1	1	1	1	1	0	0	1	0	0	0	0	0	0	0	-52	19	-43	
75	75	1	1	1	1	1	0	1	1	1	1	1	1	0	1	0	1	0	1	0	1	1	1	1	1	1	1	1	0	0	1	0	0	0	0	0	0	0	-33	19	-43	
76	76	1	1	0	0	1	0	1	1	1	1	1	1	1	0	0	1	1	0	0	1	1	1	1	1	1	0	1	1	0	1	1	1	1	1	1	1	1	-45	-10	-52	
77	77	0	0	0	1	0	0	1	1	1	1	1	1	0	0	0	1	1	0	0	1	1	1	1	1	1	0	1	1	0	1	1	1	1	1	1	1	1	-56	-10	-52	
78	78	0	0	1	0	0	1	1	1	1	1	1	1	1	0	0	1	1	0	0	1	1	1	1	1	1	1	1	1	1	1	0	1	1	1	1	1	1	-28	-33	-52	
79	79	0	0	0	1	1	1	0	1	1	1	1	1	0	0	0	1	1	0	0	1	1	1	1	1	1	1	1	1	1	1	0	1	1	1	1	1	1	-72	-33	-52	
80	80	1	0	1	0	1	1	1	1	1	1	1	1	1	1	1	0	0	1	0	1	1	1	1	1	1	0	0	0	1	0	0	1	1	1	1	1	1	-11	-56	-45	
81	81	1	0	0	1	0	1	0	1	1	1	1	1	0	1	1	0	0	1	0	1	1	1	1	1	1	0	0	0	1	0	0	1	1	1	1	1	1	-87	-56	-45	
82	82	0	0	1	1	0	0	0	0	0	0	0	0	1	0	0	1	0	0	1	1	1	1	1	1	1	0	0	0	1	1	1	0	1	1	1	1	1	12	-72	-28	
83	83	0	1	1	0	0	1	0	1	1	1	1	1	0	0	0	1	0	0	1	1	1	1	1	1	1	0	0	0	1	1	1	0	1	1	1	1	1	-90	-72	-28	
84	84	0	1	1	0	0	1	0	0	0	0	0	0	1	1	0	1	0	1	1	1	1	1	1	1	1	1	0	0	1	0	1	0	1	1	1	1	1	38	-87	-11	
85	85	1	1	1	0	0	1	0	1	1	1	1	1	0	1	0	1	0	1	1	1	1	1	1	1	1	1	0	0	1	0	1	0	1	1	1	1	1	-89	-87	-11	
86	86	0	1	1	1	1	1	0	0	0	0	0	0	1	0	0	1	1	0	0	0	0	0	0	0	0	0	1	1	0	0	1	0	1	1	1	1	1	62	-90	12	
87	87	0	1	0	0	1	1	0	1	1	1	1	1	0	0	0	1	1	0	0	0	0	0	0	0	0	0	1	1	0	0	1	0	1	1	1	1	1	-78	-90	12	
88	88	0	0	0	1	1	0	1	0	0	0	0	0	1	0	1	1	0	0	1	0	0	0	0	0	0	1	1	1	0	0	1	0	1	1	1	1	1	88	-89	38	
89	89	1	0	0	0	0	0	1	1	1	1	1	1	0	0	1	1	0	0	1	0	0	0	0	0	0	1	1	1	0	0	1	0	1	1	1	1	1	-63	-89	38	
90	90	1	1	1	0	0	1	1	0	0	0	0	0	1	0	1	1	1	1	1	0	0	0	0	0	0	0	1	0	0	1	1	0	1	1	1	1	1	103	-78	62	
91	91	1	1	1	0	1	0	1	1	1	1	1	1	0	0	1	1	1	1	1	0	0	0	0	0	0	0	1	0	0	1	1	0	1	1	1	1	1	-41	-78	62	
92	92	1	1	1	1	0	1	1	0	0	0	0	0	1	0	0	0	1	1	0	1	0	0	0	0	0	1	0	0	0	0	0	1	1	1	1	1	1	111	-63	88	
93	93	1	1	0	1	0	1	1	1	1	1	1	1	0	0	0	0	1	1	0	1	0	0	0	0	0	1	0	0	0	0	0	1	1	1	1	1	1	-21	-63	88	
94	94	1	1	1	1	0	1	1	0	0	0	0	0	1	1	1	1	0	0	1	1	0	0	0	0	0	1	1	1	0	1	0	1	1	1	1	1	1	111	-41	103	
95	95	0	0	1	1	0	0	0	0	0	0	0	0	0	1	1	1	0	0	1	1	0	0	0	0	0	1	1	1	0	1	0	1	1	1	1	1	1	12	-41	103	
96	96	1	1	0	1	0	1	1	0	0	0	0	0	1	1	1	1	1	0	1	1	0	0	0	0	0	1	1	0	1	0	1	1	1	1	1	1	1	107	-21	111	
97	97	1	0	0	0	0	1	0	0	0	0	0	0	0	1	1	1	1	0	1	1	0	0	0	0	0	1	1	0	1	0	1	1	1	1	1	1	1	33	-21	111	
98	98	0	1	0	1	1	0	1	0	0	0	0	0	1	1	1	1	1	0	1	1	0	0	0	0	0	0	0	1	1	0	0	0	0	0	0	0	0	90	12	111	
99	99	0	0	0	1	1	1	0	0	0	0	0	0	0	1	1	1	1	0	1	1	0	0	0	0	0	0	0	1	1	0	0	0	0	0	0	0	0	56	12	111	
100	100	0	0	1	0	0	0	1	0	0	0	0	0	1	1	1	0	1	0	1	1	0	0	0	0	0	1	0	0	0	0	1	0	0	0	0	0	0	68	33	107	
101	101	0	0	1	0	0	0	1	0	0	0	0	0	0	1	1	0	1	0	1	1	0	0	0	0	0	1	0	0	0	0	1	0	0	0	0	0	0	68	33	107	
102	102	1	0	0	1	0	1	0	0	0	0	0	0	1	0	1	0	1	1	0	1	0	0	0	0	0	0	0	0	1	1	1	0	0	0	0	0	0	41	56	90	
103	103	0	0	0	1	0	0	1	0	0	0	0	0	0	0	1	0	1	1	0	1	0	0	0	0	0	0	0	0	1	1	1	0	0	0	0	0	0	72	56	90	
104	104	0	0	1	0	1	0	0	0	0	0	0	0	1	0	0	1	0	0	0	1	0	0	0	0	0	0	0	1	0	0	0	1	0	0	0	0	0	20	68	68	
105	105	1	1	1	0	0	0	1	0	0	0	0	0	0	0	0	1	0	0	0	1	0	0	0	0	0	0	0	1	0	0	0	1	0	0	0	0	0	71	68	68	
106	106	1	1	1	0	1	1	1	1	1	1	1	1	1	1	0	0	1	0	1	0	0	0	0	0	0	0	0	0	1	0	0	1	0	0	0	0	0	-9	72	41	
107	107	1	1	0	1	1	1	0	0	0	0	0	0	0	1	0	0	1	0	1	0	0	0	0	0	0	0	0	0	1	0	0	1	0	0	0	0	0	59	72	41	
108	108	0	1	0	0	0	1	1	1	1	1	1	1	1	0	0	1	0	1	0	0	0	0	0	0	0	1	1	1	0	0	0	1	0	0	0	0	0	-30	71	20	
109	109	0	0	0	1	0	1	0	0	0	0	0	0	0	0	0	1	0	1	0	0	0	0	0	0	0	1	1	1	0	0	0	1	0	0	0	0	0	40	71	20	
110	110	1	0	1	0	1	0	1	1	1	1	1	1	1	1	1	1	0	1	1	1	1	1	1	1	1	1	1	0	1	1	1	0	0	0	0	0	0	-43	59	-9	
111	111	1	1	0	0	1	0	0	0	0	0	0	0	0	1	1	1	0	1	1	1	1	1	1	1	1	1	1	0	1	1	1	0	0	0	0	0	0	19	59	-9	
112	112	0	1	1	1	0	0	1	1	1	1	1	1	1	0	1	0	0	0	1	1	1	1	1	1	1	0	0	0	1	0	1	0	0	0	0	0	0	-50	40	-30	
113	113	0	1	1	0	1	1	1	1	1	1	1	1	0	0	1	0	0	0	1	1	1	1	1	1	1	0	0	0	1	0	1	0	0	0	0	0	0	-10	40	-30	
114	114	1	0	1	1	0	0	1	1	1	1	1	1	1	1	0	1	0	1	0	1	1	1	1	1	1	1	1	0	0	1	0	0	0	0	0	0	0	-51	19	-43	
115	115	0	0	1	1	1	0	1	1	1	1	1	1	0	1	0	1	0	1	0	1	1	1	1	1	1	1	1	0	0	1	0	0	0	0	0	0	0	-36	19	-43	
116	116	1	1	0	0	1	0	1	1	1	1	1	1	1	0	1	1	1	0	0	1	1	1	1	1	1	0	1	1	0	1	1	1	1	1	1	1	1	-45	-10	-50	
117	117	0	0	0	1	0	0	1	1	1	1	1	1	0	0	1	1	1	0	0	1	1	1	1	1	1	0	1	1	0	1	1	1	1	1	1	1	1	-56	-10	-50	
118	118	0	1	0	0	0	1	1	1	1	1	1	1	1	1	0	1	1	0	0	1	1	1	1	1	1	0	0	1	1	1	0	1	1	1	1	1	1	-30	-36	-51	
119	119	0	1	1	0	1	1	0	1	1	1	1	1	0	1	0	1	1	0	0	1	1	1	1	1	1	0	0	1	1	1	0	1	1	1	1	1	1	-74	-36	-51	
120	120	1	0	1	0	1	1	1	1	1	1	1	1	1	1	1	0	0	1	0	1	1	1	1	1	1	0	0	0	1	0	0	1	1	1	1	1	1	-11	-56	-45	
121	121	0	0	0	1	0	1	0	1	1	1	1	1	0	1	1	0	0	1	0	1	1	1	1	1	1	0	0	0	1	0	0	1	1	1	1	1	1	-88	-56	-45	
122	122	1	1	1	1	0	0	0	0	0	0	0	0	1	0	1	0	0	0	1	1	1	1	1	1	1	0	1	1	0	1	1	0	1	1	1	1	1	15	-74	-30	
123	123	1	0	1	0	0	1	0	1	1	1	1	1	0	0	1	0	0	0	1	1	1	1	1	1	1	0	1	1	0	1	1	0	1	1	1	1	1	-91	-74	-30	
124	124	1	0	0	1	0	1	0	0	0	0	0	0	1	1	0	1	0	1	1	1	1	1	1	1	1	0	0	0	1	0	1	0	1	1	1	1	1	41	-88	-11	
125	125	0	0	0	1	0	1	0	1	1	1	1	1	0	1	0	1	0	1	1	1	1	1	1	1	1	0	0	0	1	0	1	0	1	1	1	1	1	-88	-88	-11	
126	126	1	1	0	0	0	0	1	0	0	0	0	0	1	1	1	1	1	0	0	0	0	0	0	0	0	1	0	1	0	0	1	0	1	1	1	1	1	67	-91	15	
127	127	1	1	0	0	1	1	0	1	1	1	1	1	0	1	1	1	1	0	0	0	0	0	0	0	0	1	0	1	0	0	1	0	1	1	1	1	1	-77	-91	15	
128	128	1	0	0	1	1	0	1	0	0	0	0	0	1	1	0	0	1	0	1	0	0	0	0	0	0	0	0	0	1	0	1	0	1	1	1	1	1	89	-88	41	
129	129	1	1	0	0	0	0	1	1	1	1	1	1	0	1	0	0	1	0	1	0	0	0	0	0	0	0	0	0	1	0	1	0	1	1	1	1	1	-61	-88	41	
130	130	0	1	0	1	0	1	1	0	0	0	0	0	1	1	1	0	0	0	0	1	0	0	0	0	0	1	1	0	0	1	1	0	1	1	1	1	1	106	-77	67	
131	131	0	1	0	1	1	0	1	1	1	1	1	1	0	1	1	0	0	0	0	1	0	0	0	0	0	1	1	0	0	1	1	0	1	1	1	1	1	-38	-77	67	
132	132	1	0	0	0	1	1	1	0	0	0	0	0	1	1	0	0	1	1	0	1	0	0	0	0	0	1	1	0	0	0	0	1	1	1	1	1	1	113	-61	89	
133	133	1	1	0	0	1	1	1	1	1	1	1	1	0	1	0	0	1	1	0	1	0	0	0	0	0	1	1	0	0	0	0	1	1	1	1	1	1	-13	-61	89	
134	134	1	0	1	1	0	1	1	0	0	0	0	0	1	0	1	0	1	0	1	1	0	0	0	0	0	0	1	0	1	1	0	1	1	1	1	1	1	109	-38	106	
135	135	0	1	1	1	0	0	0	0	0	0	0	0	0	0	1	0	1	0	1	1	0	0	0	0	0	0	1	0	1	1	0	1	1	1	1	1	1	14	-38	106	
136	136	1	0	0	1	0	1	1	0	0	0	0	0	1	1	0	0	0	1	1	1	0	0	0	0	0	1	1	0	0	1	1	1	1	1	1	1	1	105	-13	113	
137	137	0	1	1	0	0	1	0	0	0	0	0	0	0	1	0	0	0	1	1	1	0	0	0	0	0	1	1	0	0	1	1	1	1	1	1	1	1	38	-13	113	
138	138	1	1	1	0	1	0	1	0	0	0	0	0	1	1	0	1	1	0	1	1	0	0	0	0	0	0	1	1	1	0	0	0	0	0	0	0	0	87	14	109	
139	139	0	0	0	1	1	1	0	0	0	0	0	0	0	1	0	1	1	0	1	1	0	0	0	0	0	0	1	1	1	0	0	0	0	0	0	0	0	56	14	109	
140	140	0	1	1	1	1	1	0	0	0	0	0	0	1	1	0	0	1	0	1	1	0	0	0	0	0	0	1	1	0	0	1	0	0	0	0	0	0	62	38	105	
141	141	1	1	0	0	0	0	1	0	0	0	0	0	0	1	0	0	1	0	1	1	0	0	0	0	0	0	1	1	0	0	1	0	0	0	0	0	0	67	38	105	
142	142	1	0	1	0	0	1	0	0	0	0	0	0	1	1	1	1	0	1	0	1	0	0	0	0	0	0	0	0	1	1	1	0	0	0	0	0	0	37	56	87	
143	143	1	0	0	1	0	0	1	0	0	0	0	0	0	1	1	1	0	1	0	1	0	0	0	0	0	0	0	0	1	1	1	0	0	0	0	0	0	73	56	87	
144	144	0	0	1	1	0	0	0	0	0	0	0	0	1	0	1	1	1	1	1	0	0	0	0	0	0	1	1	0	0	0	0	1	0	0	0	0	0	12	67	62	
145	145	0	0	1	0	0	0	1	0	0	0	0	0	0	0	1	1	1	1	1	0	0	0	0	0	0	1	1	0	0	0	0	1	0	0	0	0	0	68	67	62	
146	146	1	0	1	0	1	1	1	1	1	1	1	1	1	1	0	1	0	0	1	0	0	0	0	0	0	1	0	0	1	0	0	1	0	0	0	0	0	-11	73	37	
147	147	0	0	0	1	1	1	0	0	0	0	0	0	0	1	0	1	0	0	1	0	0	0	0	0	0	1	0	0	1	0	0	1	0	0	0	0	0	56	73	37	
148	148	1	0	0	0	0	1	1	1	1	1	1	1	1	0	0	1	1	0	0	0	0	0	0	0	0	0	0	1	0	0	0	1	0	0	0	0	0	-31	68	12	
149	149	0	1	1	0	0	1	0	0	0	0	0	0	0	0	0	1	1	0	0	0	0	0	0	0	0	0	0	1	0	0	0	1	0	0	0	0	0	38	68	12	
150	150	1	0	0	0	1	0	1	1	1	1	1	1	1	1	0	1	0	1	1	1	1	1	1	1	1	0	0	0	1	1	1	0	0	0	0	0	0	-47	56	-11	
151	151	0	1	1	1	0	0	0	0	0	0	0	0	0	1	0	1	0	1	1	1	1	1	1	1	1	0	0	0	1	1	1	0	0	0	0	0	0	14	56	-11	
152	152	1	0	1	1	0	0	1	1	1	1	1	1	1	1	0	0	0	0	1	1	1	1	1	1	1	0	1	1	0	0	1	0	0	0	0	0	0	-51	38	-31	
153	153	0	1	1	0	1	1	1	1	1	1	1	1	0	1	0	0	0	0	1	1	1	1	1	1	1	0	1	1	0	0	1	0	0	0	0	0	0	-10	38	-31	
154	154	0	0	1	1	0	0	1	1	1	1	1	1	1	1	0	0	0	1	0	1	1	1	1	1	1	0	1	1	1	0	0	0	0	0	0	0	0	-52	14	-47	
155	155	1	1	0	1	1	0	1	1	1	1	1	1	0	1	0	0	0	1	0	1	1	1	1	1	1	0	1	1	1	0	0	0	0	0	0	0	0	-37	14	-47	
156	156	0	1	1	0	1	0	1	1	1	1	1	1	1	1	0	1	1	0	0	1	1	1	1	1	1	0	1	1	0	1	1	1	1	1	1	1	1	-42	-10	-51	
157	157	1	1	1	0	0	0	1	1	1	1	1	1	0	1	0	1	1	0	0	1	1	1	1	1	1	0	1	1	0	1	1	1	1	1	1	1	1	-57	-10	-51	
158	158	1	1	0	0	0	1	1	1	1	1	1	1	1	0	0	1	1	0	0	1	1	1	1	1	1	1	1	0	1	1	0	1	1	1	1	1	1	-29	-37	-52	
159	159	1	0	1	0	1	1	0	1	1	1	1	1	0	0	0	1	1	0	0	1	1	1	1	1	1	1	1	0	1	1	0	1	1	1	1	1	1	-75	-37	-52	
160	160	0	0	0	1	1	1	1	1	1	1	1	1	1	0	1	1	0	1	0	1	1	1	1	1	1	1	1	1	0	0	0	1	1	1	1	1	1	-8	-57	-42	
161	161	0	1	1	0	0	1	0	1	1	1	1	1	0	0	1	1	0	1	0	1	1	1	1	1	1	1	1	1	0	0	0	1	1	1	1	1	1	-90	-57	-42	
162	162	1	0	0	0	1	0	0	0	0	0	0	0	1	1	1	0	0	0	1	1	1	1	1	1	1	1	0	1	0	1	1	0	1	1	1	1	1	17	-75	-29	
163	163	1	1	1	0	0	1	0	1	1	1	1	1	0	1	1	0	0	0	1	1	1	1	1	1	1	1	0	1	0	1	1	0	1	1	1	1	1	-89	-75	-29	
164	164	0	1	0	1	0	1	0	0	0	0	0	0	1	0	0	0	1	1	1	1	1	1	1	1	1	0	1	1	0	0	1	0	1	1	1	1	1	42	-90	-8	
165	165	0	0	0	1	0	1	0	1	1	1	1	1	0	0	0	0	1	1	1	1	1	1	1	1	1	0	1	1	0	0	1	0	1	1	1	1	1	-88	-90	-8	
166	166	0	0	1	0	0	0	1	0	0	0	0	0	1	1	0	0	0	1	0	0	0	0	0	0	0	1	1	1	0	0	1	0	1	1	1	1	1	68	-89	17	
167	167	0	0	1	0	1	1	0	1	1	1	1	1	0	1	0	0	0	1	0	0	0	0	0	0	0	1	1	1	0	0	1	0	1	1	1	1	1	-76	-89	17	
168	168	1	1	1	0	1	0	1	0	0	0	0	0	1	0	1	0	1	0	1	0	0	0	0	0	0	0	0	0	1	0	1	0	1	1	1	1	1	87	-88	42	
169	169	0	0	1	0	0	0	1	1	1	1	1	1	0	0	1	0	1	0	1	0	0	0	0	0	0	0	0	0	1	0	1	0	1	1	1	1	1	-60	-88	42	
170	170	0	1	0	1	0	1	1	0	0	0	0	0	1	0	0	1	0	0	0	1	0	0	0	0	0	0	0	1	0	1	1	0	1	1	1	1	1	106	-76	68	
171	171	0	1	0	1	1	0	1	1	1	1	1	1	0	0	0	1	0	0	0	1	0	0	0	0	0	0	0	1	0	1	1	0	1	1	1	1	1	-38	-76	68	
172	172	1	0	0	0	1	1	1	0	0	0	0	0	1	1	1	1	0	1	0	1	0	0	0	0	0	0	0	1	0	0	0	1	1	1	1	1	1	113	-60	87	
173	173	0	0	1	0	1	1	1	1	1	1	1	1	0	1	1	1	0	1	0	1	0	0	0	0	0	0	0	1	0	0	0	1	1	1	1	1	1	-12	-60	87	
174	174	1	1	1	1	0	1	1	0	0	0	0	0	1	0	1	0	1	0	1	1	0	0	0	0	0	0	1	0	1	1	0	1	1	1	1	1	1	111	-38	106	
175	175	0	1	1	1	0	0	0	0	0	0	0	0	0	0	1	0	1	0	1	1	0	0	0	0	0	0	1	0	1	1	0	1	1	1	1	1	1	14	-38	106	
176	176	0	1	1	0	0	1	1	0	0	0	0	0	1	1	0	0	0	1	1	1	0	0	0	0	0	0	0	1	0	1	1	1	1	1	1	1	1	102	-12	113	
177	177	0	1	1	0	0	1	0	0	0	0	0	0	0	1	0	0	0	1	1	1	0	0	0	0	0	0	0	1	0	1	1	1	1	1	1	1	1	38	-12	113	
178	178	1	0	0	1	1	0	1	0	0	0	0	0	1	1	1	1	1	0	1	1	0	0	0	0	0	0	1	1	1	0	0	0	0	0	0	0	0	89	14	111	
179	179	0	1	1	0	1	1	0	0	0	0	0	0	0	1	1	1	1	0	1	1	0	0	0	0	0	0	1	1	1	0	0	0	0	0	0	0	0	54	14	111	
180	180	0	1	0	0	0	0	1	0	0	0	0	0	1	0	1	1	0	0	1	1	0	0	0	0	0	0	1	1	0	0	1	0	0	0	0	0	0	66	38	102	
181	181	0	1	0	0	0	0	1	0	0	0	0	0	0	0	1	1	0	0	1	1	0	0	0	0	0	0	1	1	0	0	1	0	0	0	0	0	0	66	38	102	
182	182	1	1	0	1	0	1	0	0	0	0	0	0	1	1	0	0	1	1	0	1	0	0	0	0	0	0	1	1	0	1	1	0	0	0	0	0	0	43	54	89	
183	183	0	0	0	1	0	0	1	0	0	0	0	0	0	1	0	0	1	1	0	1	0	0	0	0	0	0	1	1	0	1	1	0	0	0	0	0	0	72	54	89	
184	184	0	0	0	0	1	0	0	0	0	0	0	0	1	0	1	0	0	0	0	1	0	0	0	0	0	0	1	0	0	0	0	1	0	0	0	0	0	16	66	66	
185	185	1	0	1	0	0	0	1	0	0	0	0	0	0	0	1	0	0	0	0	1	0	0	0	0	0	0	1	0	0	0	0	1	0	0	0	0	0	69	66	66	
186	186	1	1	1	0	1	1	1	1	1	1	1	1	1	1	1	0	1	0	1	0	0	0	0	0	0	0	0	0	1	0	0	1	0	0	0	0	0	-9	72	43	
187	187	1	1	0	1	1	1	0	0	0	0	0	0	0	1	1	0	1	0	1	0	0	0	0	0	0	0	0	0	1	0	0	1	0	0	0	0	0	59	72	43	
188	188	0	0	1	0	0	1	1	1	1	1	1	1	1	0	0	0	0	1	0	0	0	0	0	0	0	1	0	1	0	0	0	1	0	0	0	0	0	-28	69	16	
189	189	0	0	0	1	0	1	0	0	0	0	0	0	0	0	0	0	0	1	0	0	0	0	0	0	0	1	0	1	0	0	0	1	0	0	0	0	0	40	69	16	
190	190	1	0	1	0	1	0	1	1	1	1	1	1	1	1	1	1	0	1	1	1	1	1	1	1	1	1	1	0	1	1	1	0	0	0	0	0	0	-43	59	-9	
191	191	0	0	1	0	1	0	0	0	0	0	0	0	0	1	1	1	0	1	1	1	1	1	1	1	1	1	1	0	1	1	1	0	0	0	0	0	0	20	59	-9	
192	192	0	1	1	1	0	0	1	1	1	1	1	1	1	0	0	1	0	0	1	1	1	1	1	1	1	0	0	0	1	0	1	0	0	0	0	0	0	-50	40	-28	
193	193	0	0	1	1	1	1	1	1	1	1	1	1	0	0	0	1	0	0	1	1	1	1	1	1	1	0	0	0	1	0	1	0	0	0	0	0	0	-4	40	-28	
194	194	1	1	0	1	0	0	1	1	1	1	1	1	1	1	0	1	0	1	0	1	1	1	1	1	1	0	0	1	0	1	0	0	0	0	0	0	0	-53	20	-43	
195	195	0	0	0	0	0	1	1	1	1	1	1	1	0	1	0	1	0	1	0	1	1	1	1	1	1	0	0	1	0	1	0	0	0	0	0	0	0	-32	20	-43	
196	196	0	0	1	0	1	0	1	1	1	1	1	1	1	0	1	1	1	0	0	1	1	1	1	1	1	0	0	1	1	1	1	1	1	1	1	1	1	-44	-4	-50	
197	197	0	1	0	1	0	0	1	1	1	1	1	1	0	0	1	1	1	0	0	1	1	1	1	1	1	0	0	1	1	1	1	1	1	1	1	1	1	-54	-4	-50	
198	198	1	0	0	0	0	1	1	1	1	1	1	1	1	1	1	0	1	0	0	1	1	1	1	1	1	0	0	0	0	0	1	1	1	1	1	1	1	-31	-32	-53	
199	199	1	0	0	1	1	1	0	1	1	1	1	1	0	1	1	0	1	0	0	1	1	1	1	1	1	0	0	0	0	0	1	1	1	1	1	1	1	-71	-32	-53	
200	200	0	0	1	0	1	1	1	1	1	1	1	1	1	0	0	1	0	1	0	1	1	1	1	1	1	0	1	0	1	0	0	1	1	1	1	1	1	-12	-54	-44	
201	201	1	1	0	1	0	1	0	1	1	1	1	1	0	0	0	1	0	1	0	1	1	1	1	1	1	0	1	0	1	0	0	1	1	1	1	1	1	-85	-54	-44	
202	202	1	1	0	1	0	0	0	0	0	0	0	0	1	1	0	0	0	0	1	1	1	1	1	1	1	1	0	0	1	1	1	0	1	1	1	1	1	11	-71	-31	
203	203	0	0	0	1	0	1	0	1	1	1	1	1	0	1	0	0	0	0	1	1	1	1	1	1	1	1	0	0	1	1	1	0	1	1	1	1	1	-88	-71	-31	
204	204	1	0	1	0	0	1	0	0	0	0	0	0	1	0	0	1	0	1	1	1	1	1	1	1	1	1	1	0	1	0	1	0	1	1	1	1	1	37	-85	-12	
205	205	1	1	1	0	0	1	0	1	1	1	1	1	0	0	0	1	0	1	1	1	1	1	1	1	1	1	1	0	1	0	1	0	1	1	1	1	1	-89	-85	-12	
206	206	1	0	1	1	1	1	0	0	0	0	0	0	1	1	1	0	1	0	0	0	0	0	0	0	0	0	0	0	1	0	1	0	1	1	1	1	1	61	-88	11	
207	207	0	0	0	0	1	1	0	1	1	1	1	1	0	1	1	0	1	0	0	0	0	0	0	0	0	0	0	0	1	0	1	0	1	1	1	1	1	-80	-88	11	
208	208	0	1	0	0	1	0	1	0	0	0	0	0	1	1	0	1	0	0	1	0	0	0	0	0	0	1	1	1	0	0	1	0	1	1	1	1	1	82	-89	37	
209	209	1	1	1	1	1	1	0	1	1	1	1	1	0	1	0	1	0	0	1	0	0	0	0	0	0	1	1	1	0	0	1	0	1	1	1	1	1	-65	-89	37	
210	210	0	1	1	0	0	1	1	0	0	0	0	0	1	1	0	1	1	1	1	0	0	0	0	0	0	0	0	0	0	1	1	0	1	1	1	1	1	102	-80	61	
211	211	1	1	1	0	1	0	1	1	1	1	1	1	0	1	0	1	1	1	1	0	0	0	0	0	0	0	0	0	0	1	1	0	1	1	1	1	1	-41	-80	61	
212	212	1	0	0	0	1	1	1	0	0	0	0	0	1	0	1	0	0	1	0	1	0	0	0	0	0	1	1	1	1	1	1	0	1	1	1	1	1	113	-65	82	
213	213	1	0	1	1	0	1	1	1	1	1	1	1	0	0	1	0	0	1	0	1	0	0	0	0	0	1	1	1	1	1	1	0	1	1	1	1	1	-19	-65	82	
214	214	1	0	0	0	1	1	1	0	0	0	0	0	1	0	1	1	0	0	1	1	0	0	0	0	0	1	1	1	0	1	0	1	1	1	1	1	1	113	-41	102	
215	215	1	1	0	1	0	0	0	0	0	0	0	0	0	0	1	1	0	0	1	1	0	0	0	0	0	1	1	1	0	1	0	1	1	1	1	1	1	11	-41	102	
216	216	1	1	0	1	0	1	1	0	0	0	0	0	1	1	0	0	0	1	1	1	0	0	0	0	0	1	0	1	1	0	1	1	1	1	1	1	1	107	-19	113	
217	217	1	1	0	0	0	1	0	0	0	0	0	0	0	1	0	0	0	1	1	1	0	0	0	0	0	1	0	1	1	0	1	1	1	1	1	1	1	35	-19	113	
218	218	1	0	0	1	1	0	1	0	0	0	0	0	1	1	0	0	0	1	1	1	0	0	0	0	0	1	1	0	1	0	0	0	0	0	0	0	0	89	11	113	
219	219	0	1	1	0	1	1	0	0	0	0	0	0	0	1	0	0	0	1	1	1	0	0	0	0	0	1	1	0	1	0	0	0	0	0	0	0	0	54	11	113	
220	220	0	0	1	0	0	0	1	0	0	0	0	0	1	1	1	0	1	0	1	1	0	0	0	0	0	1	1	0	0	0	1	0	0	0	0	0	0	68	35	107	
221	221	1	0	1	0	0	0	1	0	0	0	0	0	0	1	1	0	1	0	1	1	0	0	0	0	0	1	1	0	0	0	1	0	0	0	0	0	0	69	35	107	
222	222	1	1	0	1	0	1	0	0	0	0	0	0	1	1	0	0	1	1	0	1	0	0	0	0	0	0	1	1	0	1	1	0	0	0	0	0	0	43	54	89	
223	223	1	0	0	1	0	0	1	0	0	0	0	0	0	1	0	0	1	1	0	1	0	0	0	0	0	0	1	1	0	1	1	0	0	0	0	0	0	73	54	89	
224	224	0	0	1	0	1	0	0	0	0	0	0	0	1	0	0	1	0	0	0	1	0	0	0	0	0	1	0	1	0	0	0	1	0	0	0	0	0	20	69	68	
225	225	1	1	1	0	0	0	1	0	0	0	0	0	0	0	0	1	0	0	0	1	0	0	0	0	0	1	0	1	0	0	0	1	0	0	0	0	0	71	69	68	
226	226	1	0	0	1	1	1	1	1	1	1	1	1	1	1	1	0	1	0	1	0	0	0	0	0	0	1	0	0	1	0	0	1	0	0	0	0	0	-7	73	43	
227	227	0	1	0	1	1	1	0	0	0	0	0	0	0	1	1	0	1	0	1	0	0	0	0	0	0	1	0	0	1	0	0	1	0	0	0	0	0	58	73	43	
228	228	1	0	1	0	0	1	1	1	1	1	1	1	1	0	0	1	0	1	0	0	0	0	0	0	0	1	1	1	0	0	0	1	0	0	0	0	0	-27	71	20	
229	229	0	1	0	1	0	1	0	0	0	0	0	0	0	0	0	1	0	1	0	0	0	0	0	0	0	1	1	1	0	0	0	1	0	0	0	0	0	42	71	20	
230	230	0	0	1	0	1	0	1	1	1	1	1	1	1	1	0	0	1	1	1	1	1	1	1	1	1	0	1	0	1	1	1	0	0	0	0	0	0	-44	58	-7	
231	231	0	0	0	0	1	0	0	0	0	0	0	0	0	1	0	0	1	1	1	1	1	1	1	1	1	0	1	0	1	1	1	0	0	0	0	0	0	16	58	-7	
232	232	1	0	1	1	0	0	1	1	1	1	1	1	1	1	0	1	0	0	1	1	1	1	1	1	1	0	1	0	1	0	1	0	0	0	0	0	0	-51	42	-27	
233	233	0	1	0	1	1	1	1	1	1	1	1	1	0	1	0	1	0	0	1	1	1	1	1	1	1	0	1	0	1	0	1	0	0	0	0	0	0	-6	42	-27	
234	234	0	0	1	1	0	0	1	1	1	1	1	1	1	0	0	1	0	1	0	1	1	1	1	1	1	0	0	0	0	1	0	0	0	0	0	0	0	-52	16	-44	
235	235	1	1	1	1	1	0	1	1	1	1	1	1	0	0	0	1	0	1	0	1	1	1	1	1	1	0	0	0	0	1	0	0	0	0	0	0	0	-33	16	-44	
236	236	0	0	1	0	1	0	1	1	1	1	1	1	1	1	0	1	1	0	0	1	1	1	1	1	1	0	1	0	1	1	1	1	1	1	1	1	1	-44	-6	-51	
237	237	0	0	0	1	0	0	1	1	1	1	1	1	0	1	0	1	1	0	0	1	1	1	1	1	1	0	1	0	1	1	1	1	1	1	1	1	1	-56	-6	-51	
238	238	1	0	0	0	0	1	1	1	1	1	1	1	1	0	0	1	1	0	0	1	1	1	1	1	1	1	1	1	1	1	0	1	1	1	1	1	1	-31	-33	-52	
239	239	0	0	0	1	1	1	0	1	1	1	1	1	0	0	0	1	1	0	0	1	1	1	1	1	1	1	1	1	1	1	0	1	1	1	1	1	1	-72	-33	-52	
240	240	0	0	1	0	1	1	1	1	1	1	1	1	1	0	0	1	0	1	0	1	1	1	1	1	1	0	0	0	1	0	0	1	1	1	1	1	1	-12	-56	-44	
241	241	0	1	0	1	0	1	0	1	1	1	1	1	0	0	0	1	0	1	0	1	1	1	1	1	1	0	0	0	1	0	0	1	1	1	1	1	1	-86	-56	-44	
242	242	0	0	1	1	0	0	0	0	0	0	0	0	1	1	0	0	0	0	1	1	1	1	1	1	1	0	0	0	1	1	1	0	1	1	1	1	1	12	-72	-31	
243	243	0	1	1	0	0	1	0	1	1	1	1	1	0	1	0	0	0	0	1	1	1	1	1	1	1	0	0	0	1	1	1	0	1	1	1	1	1	-90	-72	-31	
244	244	1	0	1	0	0	1	0	0	0	0	0	0	1	0	0	1	0	1	1	1	1	1	1	1	1	0	1	0	1	0	1	0	1	1	1	1	1	37	-86	-12	
245	245	1	1	1	0	0	1	0	1	1	1	1	1	0	0	0	1	0	1	1	1	1	1	1	1	1	0	1	0	1	0	1	0	1	1	1	1	1	-89	-86	-12	
246	246	1	0	1	1	1	1	0	0	0	0	0	0	1	0	0	1	1	0	0	0	0	0	0	0	0	0	1	1	0	0	1	0	1	1	1	1	1	61	-90	12	
247	247	0	1	0	0	1	1	0	1	1	1	1	1	0	0	0	1	1	0	0	0	0	0	0	0	0	0	1	1	0	0	1	0	1	1	1	1	1	-78	-90	12	
248	248	1	0	1	0	1	0	1	0	0	0	0	0	1	1	0	1	0	0	1	0	0	0	0	0	0	1	1	1	0	0	1	0	1	1	1	1	1	85	-89	37	
249	249	0	1	0	0	0	0	1	1	1	1	1	1	0	1	0	1	0	0	1	0	0	0	0	0	0	1	1	1	0	0	1	0	1	1	1	1	1	-62	-89	37	
250	250	1	0	1	0	0	1	1	0	0	0	0	0	1	1	0	1	1	1	1	0	0	0	0	0	0	0	1	0	0	1	1	0	1	1	1	1	1	101	-78	61	
251	251	0	1	1	0	1	0	1	1	1	1	1	1	0	1	0	1	1	1	1	0	0	0	0	0	0	0	1	0	0	1	1	0	1	1	1	1	1	-42	-78	61	
252	252	1	1	1	1	0	1	1	0	0	0	0	0	1	1	0	1	0	1	0	1	0	0	0	0	0	0	1	0	0	0	0	1	1	1	1	1	1	111	-62	85	
253	253	0	1	1	1	0	1	1	1	1	1	1	1	0	1	0	1	0	1	0	1	0	0	0	0	0	0	1	0	0	0	0	1	1	1	1	1	1	-18	-62	85	
254	254	1	1	1	1	0	1	1	0	0	0	0	0	1	1	0	1	0	0	1	1	0	0	0	0	0	0	1	1	0	1	0	1	1	1	1	1	1	111	-42	101	
255	255	1	1	1	0	0	0	0	0	0	0	0	0	0	1	0	1	0	0	1	1	0	0	0	0	0	0	1	1	0	1	0	1	1	1	1	1	1	7	-42	101	
256	256	0	1	0	1	0	1	1	0	0	0	0	0	1	1	1	1	1	0	1	1	0	0	0	0	0	0	1	1	1	0	1	1	1	1	1	1	1	106	-18	111	
257	257	0	0	0	0	0	1	0	0	0	0	0	0	0	1	1	1	1	0	1	1	0	0	0	0	0	0	1	1	1	0	1	1	1	1	1	1	1	32	-18	111	
258	258	1	0	0	1	1	0	1	0	0	0	0	0	1	1	1	1	1	0	1	1	0	0	0	0	0	1	1	1	0	0	0	0	0	0	0	0	0	89	7	111	
259	259	0	0	1	0	1	1	0	0	0	0	0	0	0	1	1	1	1	0	1	1	0	0	0	0	0	1	1	1	0	0	0	0	0	0	0	0	0	52	7	111	
260	260	1	0	0	0	0	0	1	0	0	0	0	0	1	0	1	0	1	0	1	1	0	0	0	0	0	0	0	0	0	0	1	0	0	0	0	0	0	65	32	106	
261	261	0	0	1	0	0	0	1	0	0	0	0	0	0	0	1	0	1	0	1	1	0	0	0	0	0	0	0	0	0	0	1	0	0	0	0	0	0	68	32	106	
262	262	0	0	1	1	0	1	0	0	0	0	0	0	1	1	0	0	1	1	0	1	0	0	0	0	0	0	0	1	0	1	1	0	0	0	0	0	0	44	52	89	
263	263	1	0	0	1	0	0	1	0	0	0	0	0	0	1	0	0	1	1	0	1	0	0	0	0	0	0	0	1	0	1	1	0	0	0	0	0	0	73	52	89	
264	264	1	1	1	1	0	0	0	0	0	0	0	0	1	1	0	0	0	0	0	1	0	0	0	0	0	0	0	1	0	0	0	1	0	0	0	0	0	15	68	65	
265	265	0	1	1	0	0	0	1	0	0	0	0	0	0	1	0	0	0	0	0	1	0	0	0	0	0	0	0	1	0	0	0	1	0	0	0	0	0	70	68	65	
266	266	0	1	0	1	1	1	1	1	1	1	1	1	1	0	0	1	1	0	1	0	0	0	0	0	0	1	0	0	1	0	0	1	0	0	0	0	0	-6	73	44	
267	267	1	0	1	1	1	1	0	0	0	0	0	0	0	0	0	1	1	0	1	0	0	0	0	0	0	1	0	0	1	0	0	1	0	0	0	0	0	61	73	44	
268	268	1	1	0	0	0	1	1	1	1	1	1	1	1	1	1	1	1	0	0	0	0	0	0	0	0	0	1	1	0	0	0	1	0	0	0	0	0	-29	70	15	
269	269	1	1	0	1	0	1	0	0	0	0	0	0	0	1	1	1	1	0	0	0	0	0	0	0	0	0	1	1	0	0	0	1	0	0	0	0	0	43	70	15	
270	270	0	0	0	1	1	0	1	1	1	1	1	1	1	0	1	0	1	1	1	1	1	1	1	1	1	1	0	1	1	1	1	0	0	0	0	0	0	-40	61	-6	
271	271	1	0	0	0	1	0	0	0	0	0	0	0	0	0	1	0	1	1	1	1	1	1	1	1	1	1	0	1	1	1	1	0	0	0	0	0	0	17	61	-6	
272	272	0	0	1	1	0	0	1	1	1	1	1	1	1	1	1	0	0	0	1	1	1	1	1	1	1	1	1	0	1	0	1	0	0	0	0	0	0	-52	43	-29	
273	273	0	1	0	1	1	1	1	1	1	1	1	1	0	1	1	0	0	0	1	1	1	1	1	1	1	1	1	0	1	0	1	0	0	0	0	0	0	-6	43	-29	
274	274	0	0	1	1	0	0	1	1	1	1	1	1	1	0	0	0	1	1	0	1	1	1	1	1	1	1	0	0	0	1	0	0	0	0	0	0	0	-52	17	-40	
275	275	0	1	0	0	0	1	1	1	1	1	1	1	0	0	0	0	1	1	0	1	1	1	1	1	1	1	0	0	0	1	0	0	0	0	0	0	0	-30	17	-40	
276	276	0	1	0	0	1	0	1	1	1	1	1	1	1	0	0	1	1	0	0	1	1	1	1	1	1	0	1	0	1	1	1	1	1	1	1	1	1	-46	-6	-52	
277	277	0	1	0	1	0	0	1	1	1	1	1	1	0	0	0	1	1	0	0	1	1	1	1	1	1	0	1	0	1	1	1	1	1	1	1	1	1	-54	-6	-52	
278	278	1	1	1	1	1	0	1	1	1	1	1	1	1	0	0	1	1	0	0	1	1	1	1	1	1	0	1	0	0	0	1	1	1	1	1	1	1	-33	-30	-52	
279	279	1	0	0	1	1	1	0	1	1	1	1	1	0	0	0	1	1	0	0	1	1	1	1	1	1	0	1	0	0	0	1	1	1	1	1	1	1	-71	-30	-52	
280	280	1	1	0	0	1	1	1	1	1	1	1	1	1	0	1	0	0	1	0	1	1	1	1	1	1	0	1	0	1	0	0	1	1	1	1	1	1	-13	-54	-46	
281	281	1	1	0	1	0	1	0	1	1	1	1	1	0	0	1	0	0	1	0	1	1	1	1	1	1	0	1	0	1	0	0	1	1	1	1	1	1	-85	-54	-46	
282	282	1	1	0	1	0	0	0	0	0	0	0	0	1	1	1	1	1	1	0	1	1	1	1	1	1	1	0	0	1	1	1	0	1	1	1	1	1	11	-71	-33	
283	283	0	0	1	0	0	1	0	1	1	1	1	1	0	1	1	1	1	1	0	1	1	1	1	1	1	1	0	0	1	1	1	0	1	1	1	1	1	-92	-71	-33	
284	284	0	1	0	0	0	1	0	0	0	0	0	0	1	1	1	0	0	1	1	1	1	1	1	1	1	1	1	0	1	0	1	0	1	1	1	1	1	34	-85	-13	
285	285	1	1	1	0	0	1	0	1	1	1	1	1	0	1	1	0	0	1	1	1	1	1	1	1	1	1	1	0	1	0	1	0	1	1	1	1	1	-89	-85	-13	
286	286	0	0	1	1	1	1	0	0	0	0	0	0	1	1	1	0	1	0	0	0	0	0	0	0	0	0	0	1	0	0	1	0	1	1	1	1	1	60	-92	11	
287	287	1	1	1	1	0	1	0	1	1	1	1	1	0	1	1	0	1	0	0	0	0	0	0	0	0	0	0	1	0	0	1	0	1	1	1	1	1	-81	-92	11	
288	288	0	0	1	0	1	0	1	0	0	0	0	0	1	0	1	0	0	0	1	0	0	0	0	0	0	1	1	1	0	0	1	0	1	1	1	1	1	84	-89	34	
289	289	1	1	1	1	1	1	0	1	1	1	1	1	0	0	1	0	0	0	1	0	0	0	0	0	0	1	1	1	0	0	1	0	1	1	1	1	1	-65	-89	34	
290	290	0	1	1	0	0	1	1	0	0	0	0	0	1	0	0	1	1	1	1	0	0	0	0	0	0	1	1	1	1	0	1	0	1	1	1	1	1	102	-81	60	
291	291	0	1	1	0	1	0	1	1	1	1	1	1	0	0	0	1	1	1	1	0	0	0	0	0	0	1	1	1	1	0	1	0	1	1	1	1	1	-42	-81	60	
292	292	0	1	1	1	0	1	1	0	0	0	0	0	1	0	0	1	0	1	0	1	0	0	0	0	0	1	1	1	1	1	1	0	1	1	1	1	1	110	-65	84	
293	293	1	0	1	1	0	1	1	1	1	1	1	1	0	0	0	1	0	1	0	1	0	0	0	0	0	1	1	1	1	1	1	0	1	1	1	1	1	-19	-65	84	
294	294	0	0	1	0	1	1	1	0	0	0	0	0	1	0	1	1	0	0	1	1	0	0	0	0	0	0	1	1	0	1	0	1	1	1	1	1	1	116	-42	102	
295	295	1	1	1	0	0	0	0	0	0	0	0	0	0	0	1	1	0	0	1	1	0	0	0	0	0	0	1	1	0	1	0	1	1	1	1	1	1	7	-42	102	
296	296	0	0	0	1	0	1	1	0	0	0	0	0	1	0	1	1	1	0	1	1	0	0	0	0	0	1	0	1	1	0	1	1	1	1	1	1	1	104	-19	110	
297	297	0	0	0	0	0	1	0	0	0	0	0	0	0	0	1	1	1	0	1	1	0	0	0	0	0	1	0	1	1	0	1	1	1	1	1	1	1	32	-19	110	
298	298	0	0	1	1	1	0	1	0	0	0	0	0	1	0	0	1	0	1	1	1	0	0	0	0	0	1	1	1	0	0	0	0	0	0	0	0	0	92	7	116	
299	299	0	0	1	0	1	1	0	0	0	0	0	0	0	0	0	1	0	1	1	1	0	0	0	0	0	1	1	1	0	0	0	0	0	0	0	0	0	52	7	116	
300	300	1	1	0	0	0	0	1	0	0	0	0	0	1	0	0	0	1	0	1	1	0	0	0	0	0	0	0	0	0	0	1	0	0	0	0	0	0	67	32	104	
301	301	1	0	0	0	0	0	1	0	0	0	0	0	0	0	0	0	1	0	1	1	0	0	0	0	0	0	0	0	0	0	1	0	0	0	0	0	0	65	32	104	
302	302	0	0	1	1	0	1	0	0	0	0	0	0	1	0	0	1	1	1	0	1	0	0	0	0	0	0	0	1	0	1	1	0	0	0	0	0	0	44	52	92	
303	303	0	0	0	1	0	0	1	0	0	0	0	0	0	0	0	1	1	1	0	1	0	0	0	0	0	0	0	1	0	1	1	0	0	0	0	0	0	72	52	92	
304	304	0	1	0	0	1	0	0	0	0	0	0	0	1	1	1	0	0	0	0	1	0	0	0	0	0	1	0	0	0	0	0	1	0	0	0	0	0	18	65	67	
305	305	1	1	1	0	0	0	1	0	0	0	0	0	0	1	1	0	0	0	0	1	0	0	0	0	0	1	0	0	0	0	0	1	0	0	0	0	0	71	65	67	
306	306	0	1	1	1	1	1	1	1	1	1	1	1	1	0	0	1	1	0	1	0	0	0	0	0	0	0	0	0	1	0	0	1	0	0	0	0	0	-2	72	44	
307	307	1	1	1	1	1	1	0	0	0	0	0	0	0	0	0	1	1	0	1	0	0	0	0	0	0	0	0	0	1	0	0	1	0	0	0	0	0	63	72	44	
308	308	0	1	1	0	0	1	1	1	1	1	1	1	1	0	1	0	0	1	0	0	0	0	0	0	0	1	1	1	0	0	0	1	0	0	0	0	0	-26	71	18	
309	309	0	1	0	1	0	1	0	0	0	0	0	0	0	0	1	0	0	1	0	0	0	0	0	0	0	1	1	1	0	0	0	1	0	0	0	0	0	42	71	18	
310	310	1	0	1	0	1	0	1	1	1	1	1	1	1	0	1	1	1	1	1	1	1	1	1	1	1	1	1	1	1	1	1	0	0	0	0	0	0	-43	63	-2	
311	311	0	1	1	0	1	0	0	0	0	0	0	0	0	0	1	1	1	1	1	1	1	1	1	1	1	1	1	1	1	1	1	0	0	0	0	0	0	22	63	-2	
312	312	1	1	1	1	0	0	1	1	1	1	1	1	1	0	1	1	0	0	1	1	1	1	1	1	1	0	1	0	1	0	1	0	0	0	0	0	0	-49	42	-26	
313	313	1	0	0	1	1	1	1	1	1	1	1	1	0	0	1	1	0	0	1	1	1	1	1	1	1	0	1	0	1	0	1	0	0	0	0	0	0	-7	42	-26	
314	314	0	0	1	1	0	0	1	1	1	1	1	1	1	1	0	1	0	1	0	1	1	1	1	1	1	0	1	1	0	1	0	0	0	0	0	0	0	-52	22	-43	
315	315	1	1	0	0	0	1	1	1	1	1	1	1	0	1	0	1	0	1	0	1	1	1	1	1	1	0	1	1	0	1	0	0	0	0	0	0	0	-29	22	-43	
316	316	0	0	1	0	1	0	1	1	1	1	1	1	1	1	1	1	1	0	0	1	1	1	1	1	1	1	0	0	1	1	1	1	1	1	1	1	1	-44	-7	-49	
317	317	1	0	0	1	0	0	1	1	1	1	1	1	0	1	1	1	1	0	0	1	1	1	1	1	1	1	0	0	1	1	1	1	1	1	1	1	1	-55	-7	-49	
318	318	0	1	1	1	1	0	1	1	1	1	1	1	1	0	0	1	1	0	0	1	1	1	1	1	1	1	1	0	0	0	1	1	1	1	1	1	1	-34	-29	-52	
319	319	0	1	0	1	1	1	0	1	1	1	1	1	0	0	0	1	1	0	0	1	1	1	1	1	1	1	1	0	0	0	1	1	1	1	1	1	1	-70	-29	-52	
320	320	1	0	0	0	1	1	1	1	1	1	1	1	1	0	0	1	0	1	0	1	1	1	1	1	1	1	0	0	1	0	0	1	1	1	1	1	1	-15	-55	-44	
321	321	0	0	1	1	0	1	0	1	1	1	1	1	0	0	0	1	0	1	0	1	1	1	1	1	1	1	0	0	1	0	0	1	1	1	1	1	1	-84	-55	-44	
322	322	0	0	0	1	0	0	0	0	0	0	0	0	1	0	1	1	1	1	0	1	1	1	1	1	1	0	1	0	1	1	1	0	1	1	1	1	1	8	-70	-34	
323	323	0	0	0	1	0	1	0	1	1	1	1	1	0	0	1	1	1	1	0	1	1	1	1	1	1	0	1	0	1	1	1	0	1	1	1	1	1	-88	-70	-34	
324	324	0	0	1	0	0	1	0	0	0	0	0	0	1	1	0	0	0	1	1	1	1	1	1	1	1	0	0	1	1	0	1	0	1	1	1	1	1	36	-84	-15	
325	325	1	1	1	0	0	1	0	1	1	1	1	1	0	1	0	0	0	1	1	1	1	1	1	1	1	0	0	1	1	0	1	0	1	1	1	1	1	-89	-84	-15	
326	326	1	1	0	1	1	1	0	0	0	0	0	0	1	0	0	0	1	0	0	0	0	0	0	0	0	0	0	0	1	0	1	0	1	1	1	1	1	59	-88	8	
327	327	0	0	0	0	1	1	0	1	1	1	1	1	0	0	0	0	1	0	0	0	0	0	0	0	0	0	0	0	1	0	1	0	1	1	1	1	1	-80	-88	8	
328	328	0	0	1	0	1	0	1	0	0	0	0	0	1	0	0	1	0	0	1	0	0	0	0	0	0	1	1	1	0	0	1	0	1	1	1	1	1	84	-89	36	
329	329	1	1	1	1	1	1	0	1	1	1	1	1	0	0	0	1	0	0	1	0	0	0	0	0	0	1	1	1	0	0	1	0	1	1	1	1	1	-65	-89	36	
330	330	0	1	0	0	0	1	1	0	0	0	0	0	1	1	1	0	1	1	1	0	0	0	0	0	0	0	0	0	0	1	1	0	1	1	1	1	1	98	-80	59	
331	331	0	1	1	0	1	0	1	1	1	1	1	1	0	1	1	0	1	1	1	0	0	0	0	0	0	0	0	0	0	1	1	0	1	1	1	1	1	-42	-80	59	
332	332	1	0	0	0	1	1	1	0	0	0	0	0	1	0	0	1	0	1	0	1	0	0	0	0	0	1	1	1	1	1	1	0	1	1	1	1	1	113	-65	84	
333	333	0	0	1	1	0	1	1	1	1	1	1	1	0	0	0	1	0	1	0	1	0	0	0	0	0	1	1	1	1	1	1	0	1	1	1	1	1	-20	-65	84	
334	334	1	1	1	1	0	1	1	0	0	0	0	0	1	0	1	0	0	0	1	1	0	0	0	0	0	0	1	1	0	1	0	1	1	1	1	1	1	111	-42	98	
335	335	0	1	1	0	0	0	0	0	0	0	0	0	0	0	1	0	0	0	1	1	0	0	0	0	0	0	1	1	0	1	0	1	1	1	1	1	1	6	-42	98	
336	336	1	1	0	1	0	1	1	0	0	0	0	0	1	1	0	0	0	1	1	1	0	0	0	0	0	0	0	1	1	0	1	1	1	1	1	1	1	107	-20	113	
337	337	0	1	1	1	1	0	0	0	0	0	0	0	0	1	0	0	0	1	1	1	0	0	0	0	0	0	0	1	1	0	1	1	1	1	1	1	1	30	-20	113	
338	338	0	1	0	1	1	0	1	0	0	0	0	0	1	1	1	1	1	0	1	1	0	0	0	0	0	0	1	1	0	0	0	0	0	0	0	0	0	90	6	111	
339	339	0	1	1	0	1	1	0	0	0	0	0	0	0	1	1	1	1	0	1	1	0	0	0	0	0	0	1	1	0	0	0	0	0	0	0	0	0	54	6	111	
340	340	1	0	1	0	0	0	1	0	0	0	0	0	1	1	1	0	1	0	1	1	0	0	0	0	0	0	1	1	1	1	0	0	0	0	0	0	0	69	30	107	
341	341	1	1	0	0	0	0	1	0	0	0	0	0	0	1	1	0	1	0	1	1	0	0	0	0	0	0	1	1	1	1	0	0	0	0	0	0	0	67	30	107	
342	342	0	0	1	1	0	1	0	0	0	0	0	0	1	0	1	0	1	1	0	1	0	0	0	0	0	0	1	1	0	1	1	0	0	0	0	0	0	44	54	90	
343	343	1	1	1	0	0	0	1	0	0	0	0	0	0	0	1	0	1	1	0	1	0	0	0	0	0	0	1	1	0	1	1	0	0	0	0	0	0	71	54	90	
344	344	0	0	1	0	1	0	0	0	0	0	0	0	1	1	0	1	0	0	0	1	0	0	0	0	0	1	1	0	0	0	0	1	0	0	0	0	0	20	67	69	
345	345	0	1	0	1	0	0	1	0	0	0	0	0	0	1	0	1	0	0	0	1	0	0	0	0	0	1	1	0	0	0	0	1	0	0	0	0	0	74	67	69	
346	346	1	0	0	1	1	1	1	1	1	1	1	1	1	0	0	1	1	0	1	0	0	0	0	0	0	1	1	1	0	0	0	1	0	0	0	0	0	-7	71	44	
347	347	1	0	1	1	1	1	0	0	0	0	0	0	0	0	0	1	1	0	1	0	0	0	0	0	0	1	1	1	0	0	0	1	0	0	0	0	0	61	71	44	
348	348	0	1	1	0	0	1	1	1	1	1	1	1	1	0	0	1	0	1	0	0	0	0	0	0	0	0	1	0	1	0	0	1	0	0	0	0	0	-26	74	20	
349	349	0	1	1	1	0	1	0	0	0	0	0	0	0	0	0	1	0	1	0	0	0	0	0	0	0	0	1	0	1	0	0	1	0	0	0	0	0	46	74	20	
350	350	0	0	0	1	1	0	1	1	1	1	1	1	1	1	0	0	1	1	1	1	1	1	1	1	1	1	0	1	1	1	1	0	0	0	0	0	0	-40	61	-7	
351	351	0	0	1	0	1	0	0	0	0	0	0	0	0	1	0	0	1	1	1	1	1	1	1	1	1	1	0	1	1	1	1	0	0	0	0	0	0	20	61	-7	
352	352	1	1	1	1	0	0	1	1	1	1	1	1	1	0	1	1	0	0	1	1	1	1	1	1	1	0	1	1	1	0	1	0	0	0	0	0	0	-49	46	-26	
353	353	0	1	1	1	1	1	1	1	1	1	1	1	0	0	1	1	0	0	1	1	1	1	1	1	1	0	1	1	1	0	1	0	0	0	0	0	0	-2	46	-26	
354	354	1	0	1	1	0	0	1	1	1	1	1	1	1	0	0	0	1	1	0	1	1	1	1	1	1	0	0	1	0	1	0	0	0	0	0	0	0	-51	20	-40	
355	355	0	1	1	0	0	1	1	1	1	1	1	1	0	0	0	0	1	1	0	1	1	1	1	1	1	0	0	1	0	1	0	0	0	0	0	0	0	-26	20	-40	
356	356	0	1	0	0	1	0	1	1	1	1	1	1	1	1	1	1	1	0	0	1	1	1	1	1	1	0	1	1	1	1	1	1	1	1	1	1	1	-46	-2	-49	
357	357	0	1	1	1	0	0	1	1	1	1	1	1	0	1	1	1	1	0	0	1	1	1	1	1	1	0	1	1	1	1	1	1	1	1	1	1	1	-50	-2	-49	
358	358	1	1	1	1	1	0	1	1	1	1	1	1	1	1	0	1	1	0	0	1	1	1	1	1	1	0	1	1	0	0	1	1	1	1	1	1	1	-33	-26	-51	
359	359	0	1	0	1	1	1	0	1	1	1	1	1	0	1	0	1	1	0	0	1	1	1	1	1	1	0	1	1	0	0	1	1	1	1	1	1	1	-70	-26	-51	
360	360	0	1	1	1	0	1	1	1	1	1	1	1	1	0	1	0	0	1	0	1	1	1	1	1	1	0	1	1	1	0	0	1	1	1	1	1	1	-18	-50	-46	
361	361	1	0	1	1	0	1	0	1	1	1	1	1	0	0	1	0	0	1	0	1	1	1	1	1	1	0	1	1	1	0	0	1	1	1	1	1	1	-83	-50	-46	
362	362	1	1	1	0	0	0	0	0	0	0	0	0	1	1	1	1	1	1	0	1	1	1	1	1	1	0	1	0	1	1	1	0	1	1	1	1	1	7	-70	-33	
363	363	1	1	1	0	0	1	0	1	1	1	1	1	0	1	1	1	1	1	0	1	1	1	1	1	1	0	1	0	1	1	1	0	1	1	1	1	1	-89	-70	-33	
364	364	0	1	1	1	1	0	0	0	0	0	0	0	1	0	1	1	1	0	1	1	1	1	1	1	1	1	0	1	1	0	1	0	1	1	1	1	1	30	-83	-18	
365	365	0	1	1	0	0	1	0	1	1	1	1	1	0	0	1	1	1	0	1	1	1	1	1	1	1	1	0	1	1	0	1	0	1	1	1	1	1	-90	-83	-18	
366	366	1	1	0	1	1	1	0	0	0	0	0	0	1	1	1	1	0	0	0	0	0	0	0	0	0	1	1	1	0	0	1	0	1	1	1	1	1	59	-89	7	
367	367	0	1	1	1	0	1	0	1	1	1	1	1	0	1	1	1	0	0	0	0	0	0	0	0	0	1	1	1	0	0	1	0	1	1	1	1	1	-82	-89	7	
368	368	1	1	1	1	0	0	1	0	0	0	0	0	1	0	1	1	1	1	0	0	0	0	0	0	0	0	1	1	0	0	1	0	1	1	1	1	1	79	-90	30	
369	369	0	0	1	1	1	1	0	1	1	1	1	1	0	0	1	1	1	1	0	0	0	0	0	0	0	0	1	1	0	0	1	0	1	1	1	1	1	-68	-90	30	
370	370	1	0	1	0	0	1	1	0	0	0	0	0	1	1	1	0	1	1	1	0	0	0	0	0	0	0	1	1	1	0	1	0	1	1	1	1	1	101	-82	59	
371	371	0	0	0	0	1	0	1	1	1	1	1	1	0	1	1	0	1	1	1	0	0	0	0	0	0	0	1	1	1	0	1	0	1	1	1	1	1	-48	-82	59	
372	372	1	1	1	1	0	1	1	0	0	0	0	0	1	1	1	1	1	0	0	1	0	0	0	0	0	0	0	1	1	1	1	0	1	1	1	1	1	111	-68	79	
373	373	1	1	1	0	0	1	1	1	1	1	1	1	0	1	1	1	1	0	0	1	0	0	0	0	0	0	0	1	1	1	1	0	1	1	1	1	1	-25	-68	79	
374	374	1	0	0	0	1	1	1	0	0	0	0	0	1	1	0	1	0	0	1	1	0	0	0	0	0	0	0	0	0	1	0	1	1	1	1	1	1	113	-48	101	
375	375	1	0	0	0	0	0	0	0	0	0	0	0	0	1	0	1	0	0	1	1	0	0	0	0	0	0	0	0	0	1	0	1	1	1	1	1	1	1	-48	101	
376	376	1	0	1	1	0	1	1	0	0	0	0	0	1	1	1	1	1	0	1	1	0	0	0	0	0	1	1	1	0	0	1	1	1	1	1	1	1	109	-25	111	
377	377	1	1	0	1	1	0	0	0	0	0	0	0	0	1	1	1	1	0	1	1	0	0	0	0	0	1	1	1	0	0	1	1	1	1	1	1	1	27	-25	111	
378	378	0	1	1	1	1	0	1	0	0	0	0	0	1	1	0	0	0	1	1	1	0	0	0	0	0	1	0	0	0	0	0	0	0	0	0	0	0	94	1	113	
379	379	1	1	1	1	0	1	0	0	0	0	0	0	0	1	0	0	0	1	1	1	0	0	0	0	0	1	0	0	0	0	0	0	0	0	0	0	0	47	1	113	
380	380	0	1	0	1	0	0	1	0	0	0	0	0	1	1	0	1	1	0	1	1	0	0	0	0	0	1	1	0	1	1	0	0	0	0	0	0	0	74	27	109	
381	381	1	1	1	1	1	1	0	0	0	0	0	0	0	1	0	1	1	0	1	1	0	0	0	0	0	1	1	0	1	1	0	0	0	0	0	0	0	63	27	109	
382	382	1	0	0	0	1	1	0	0	0	0	0	0	1	0	1	1	1	1	0	1	0	0	0	0	0	1	1	1	1	0	1	0	0	0	0	0	0	49	47	94	
383	383	1	1	1	0	0	0	1	0	0	0	0	0	0	0	1	1	1	1	0	1	0	0	0	0	0	1	1	1	1	0	1	0	0	0	0	0	0	71	47	94	
384	384	1	1	1	0	1	0	0	0	0	0	0	0	1	0	1	0	1	0	0	1	0	0	0	0	0	1	1	1	1	1	1	0	0	0	0	0	0	23	63	74	
385	385	0	1	1	0	0	0	1	0	0	0	0	0	0	0	1	0	1	0	0	1	0	0	0	0	0	1	1	1	1	1	1	0	0	0	0	0	0	70	63	74	
386	386	1	1	1	1	1	1	1	1	1	1	1	1	1	1	0	0	0	1	1	0	0	0	0	0	0	1	1	1	0	0	0	1	0	0	0	0	0	-1	71	49	
387	387	1	1	1	1	1	1	0	0	0	0	0	0	0	1	0	0	0	1	1	0	0	0	0	0	0	1	1	1	0	0	0	1	0	0	0	0	0	63	71	49	
388	388	0	1	0	1	0	1	1	1	1	1	1	1	1	1	1	1	0	1	0	0	0	0	0	0	0	0	1	1	0	0	0	1	0	0	0	0	0	-22	70	23	
389	389	0	1	1	1	0	1	0	0	0	0	0	0	0	1	1	1	0	1	0	0	0	0	0	0	0	0	1	1	0	0	0	1	0	0	0	0	0	46	70	23	
390	390	0	1	0	1	1	0	1	1	1	1	1	1	1	1	1	1	1	1	1	1	1	1	1	1	1	1	1	1	1	1	1	0	0	0	0	0	0	-38	63	-1	
391	391	1	1	0	1	1	0	0	0	0	0	0	0	0	1	1	1	1	1	1	1	1	1	1	1	1	1	1	1	1	1	1	0	0	0	0	0	0	27	63	-1	
392	392	0	1	1	1	0	0	1	1	1	1	1	1	1	0	1	0	1	0	1	1	1	1	1	1	1	0	1	1	1	0	1	0	0	0	0	0	0	-50	46	-22	
393	393	0	1	0	0	0	0	0	0	0	0	0	0	0	0	1	0	1	0	1	1	1	1	1	1	1	0	1	1	1	0	1	0	0	0	0	0	0	2	46	-22	
394	394	1	1	0	1	0	0	1	1	1	1	1	1	1	0	1	0	1	1	0	1	1	1	1	1	1	1	1	0	1	1	0	0	0	0	0	0	0	-53	27	-38	
395	395	0	1	0	1	0	1	1	1	1	1	1	1	0	0	1	0	1	1	0	1	1	1	1	1	1	1	1	0	1	1	0	0	0	0	0	0	0	-22	27	-38	
396	396	1	0	0	0	1	0	1	1	1	1	1	1	1	0	1	1	1	0	0	1	1	1	1	1	1	0	1	0	0	0	0	0	0	0	0	0	0	-47	2	-50	
397	397	0	1	1	1	0	0	1	1	1	1	1	1	0	0	1	1	1	0	0	1	1	1	1	1	1	0	1	0	0	0	0	0	0	0	0	0	0	-50	2	-50	
398	398	1	0	1	1	1	0	1	1	1	1	1	1	1	1	1	0	1	0	0	1	1	1	1	1	1	0	1	0	1	0	1	1	1	1	1	1	1	-35	-22	-53	
399	399	0	1	1	1	1	1	0	1	1	1	1	1	0	1	1	0	1	0	0	1	1	1	1	1	1	0	1	0	1	0	1	1	1	1	1	1	1	-66	-22	-53	
400	400	1	0	1	1	0	1	1	1	1	1	1	1	1	1	0	0	0	1	0	1	1	1	1	1	1	0	1	1	1	0	0	1	1	1	1	1	1	-19	-50	-47	
401	401	1	1	1	1	0	1	0	1	1	1	1	1	0	1	0	0	0	1	0	1	1	1	1	1	1	0	1	1	1	0	0	1	1	1	1	1	1	-81	-50	-47	
402	402	0	0	1	0	0	0	0	0	0	0	0	0	1	1	0	1	1	1	0	1	1	1	1	1	1	0	1	1	1	1	1	0	1	1	1	1	1	4	-66	-35	
403	403	1	1	1	0	0	1	0	1	1	1	1	1	0	1	0	1	1	1	0	1	1	1	1	1	1	0	1	1	1	1	1	0	1	1	1	1	1	-89	-66	-35	
404	404	1	0	1	1	1	0	0	0	0	0	0	0	1	1	0	1	1	0	1	1	1	1	1	1	1	1	1	1	1	0	1	0	1	1	1	1	1	29	-81	-19	
405	405	1	0	1	0	0	1	0	1	1	1	1	1	0	1	0	1	1	0	1	1	1	1	1	1	1	1	1	1	1	0	1	0	1	1	1	1	1	-91	-81	-19	
406	406	0	0	0	1	1	1	0	0	0	0	0	0	1	0	0	1	0	0	0	0	0	0	0	0	0	1	1	1	0	0	1	0	1	1	1	1	1	56	-89	4	
407	407	0	0	0	0	1	1	0	1	1	1	1	1	0	0	0	1	0	0	0	0	0	0	0	0	0	1	1	1	0	0	1	0	1	1	1	1	1	-80	-89	4	
408	408	1	1	1	1	0	0	1	0	0	0	0	0	1	1	0	1	1	1	0	0	0	0	0	0	0	1	0	1	0	0	1	0	1	1	1	1	1	79	-91	29	
409	409	0	1	0	1	1	1	0	1	1	1	1	1	0	1	0	1	1	1	0	0	0	0	0	0	0	1	0	1	0	0	1	0	1	1	1	1	1	-70	-91	29	
410	410	0	1	0	0	0	1	1	0	0	0	0	0	1	0	0	0	1	1	1	0	0	0	0	0	0	0	0	0	0	1	1	0	1	1	1	1	1	98	-80	56	
411	411	0	0	0	0	1	0	1	1	1	1	1	1	0	0	0	0	1	1	1	0	0	0	0	0	0	0	0	0	0	1	1	0	1	1	1	1	1	-48	-80	56	
412	412	0	1	1	1	0	1	1	0	0	0	0	0	1	1	1	1	1	0	0	1	0	0	0	0	0	0	1	0	1	1	1	0	1	1	1	1	1	110	-70	79	
413	413	0	0	0	1	0	1	1	1	1	1	1	1	0	1	1	1	1	0	0	1	0	0	0	0	0	0	1	0	1	1	1	0	1	1	1	1	1	-24	-70	79	
414	414	1	0	0	0	1	1	1	0	0	0	0	0	1	0	1	0	0	0	1	1	0	0	0	0	0	0	0	0	0	1	0	1	1	1	1	1	1	113	-48	98	
415	415	0	1	0	0	0	0	0	0	0	0	0	0	0	0	1	0	0	0	1	1	0	0	0	0	0	0	0	0	0	1	0	1	1	1	1	1	1	2	-48	98	
416	416	1	0	0	1	0	1	1	0	0	0	0	0	1	0	1	1	1	0	1	1	0	0	0	0	0	0	0	0	1	0	1	1	1	1	1	1	1	105	-24	110	
417	417	0	0	1	1	1	0	0	0	0	0	0	0	0	0	1	1	1	0	1	1	0	0	0	0	0	0	0	0	1	0	1	1	1	1	1	1	1	28	-24	110	
418	418	0	1	1	1	1	0	1	0	0	0	0	0	1	1	0	0	0	1	1	1	0	0	0	0	0	0	1	0	0	0	0	0	0	0	0	0	0	94	2	113	
419	419	1	1	1	1	0	1	0	0	0	0	0	0	0	1	0	0	0	1	1	1	0	0	0	0	0	0	1	0	0	0	0	0	0	0	0	0	0	47	2	113	
420	420	1	1	0	1	0	0	1	0	0	0	0	0	1	1	0	0	1	0	1	1	0	0	0	0	0	0	0	1	1	1	0	0	0	0	0	0	0	75	28	105	
421	421	0	0	0	0	0	0	1	0	0	0	0	0	0	1	0	0	1	0	1	1	0	0	0	0	0	0	0	1	1	1	0	0	0	0	0	0	0	64	28	105	
422	422	1	1	0	0	1	1	0	0	0	0	0	0	1	0	1	1	1	1	0	1	0	0	0	0	0	1	1	1	1	0	1	0	0	0	0	0	0	51	47	94	
423	423	0	0	0	1	0	0	1	0	0	0	0	0	0	0	1	1	1	1	0	1	0	0	0	0	0	1	1	1	1	0	1	0	0	0	0	0	0	72	47	94	
424	424	0	0	0	1	1	0	0	0	0	0	0	0	1	1	1	0	1	0	0	1	0	0	0	0	0	0	0	0	0	0	0	1	0	0	0	0	0	24	64	75	
425	425	1	1	1	0	0	0	1	0	0	0	0	0	0	1	1	0	1	0	0	1	0	0	0	0	0	0	0	0	0	0	0	1	0	0	0	0	0	71	64	75	
426	426	0	0	0	0	0	0	0	0	0	0	0	0	1	1	1	0	0	1	1	0	0	0	0	0	0	0	0	0	1	0	0	1	0	0	0	0	0	0	72	51	
427	427	0	0	0	0	0	0	1	0	0	0	0	0	0	1	1	0	0	1	1	0	0	0	0	0	0	0	0	0	1	0	0	1	0	0	0	0	0	64	72	51	
428	428	1	1	0	1	0	1	1	1	1	1	1	1	1	0	0	0	1	1	0	0	0	0	0	0	0	1	1	1	0	0	0	1	0	0	0	0	0	-21	71	24	
429	429	0	0	0	0	1	1	0	0	0	0	0	0	0	0	0	0	1	1	0	0	0	0	0	0	0	1	1	1	0	0	0	1	0	0	0	0	0	48	71	24	
430	430	1	1	0	1	1	0	1	1	1	1	1	1	1	0	0	0	0	0	0	0	0	0	0	0	0	0	0	0	0	0	0	1	0	0	0	0	0	-37	64	0	
431	431	1	1	1	1	1	0	0	0	0	0	0	0	0	0	0	0	0	0	0	0	0	0	0	0	0	0	0	0	0	0	0	1	0	0	0	0	0	31	64	0	
432	432	1	1	1	1	0	0	1	1	1	1	1	1	1	1	1	0	1	0	1	1	1	1	1	1	1	0	0	0	0	1	1	0	0	0	0	0	0	-49	48	-21	
433	433	0	1	0	0	0	0	0	0	0	0	0	0	0	1	1	0	1	0	1	1	1	1	1	1	1	0	0	0	0	1	1	0	0	0	0	0	0	2	48	-21	
434	434	0	0	1	1	0	0	1	1	1	1	1	1	1	1	1	0	1	1	0	1	1	1	1	1	1	1	1	1	1	1	0	0	0	0	0	0	0	-52	31	-37	
435	435	0	1	0	1	0	1	1	1	1	1	1	1	0	1	1	0	1	1	0	1	1	1	1	1	1	1	1	1	1	1	0	0	0	0	0	0	0	-22	31	-37	
436	436	0	1	1	1	0	0	1	1	1	1	1	1	1	1	1	1	1	0	0	1	1	1	1	1	1	0	1	0	0	0	0	0	0	0	0	0	0	-50	2	-49	
437	437	1	0	0	0	1	0	1	1	1	1	1	1	0	1	1	1	1	0	0	1	1	1	1	1	1	0	1	0	0	0	0	0	0	0	0	0	0	-47	2	-49	
438	438	1	1	0	1	1	0	1	1	1	1	1	1	1	0	0	1	1	0	0	1	1	1	1	1	1	0	1	0	1	0	1	1	1	1	1	1	1	-37	-22	-52	
439	439	0	0	1	1	1	1	0	1	1	1	1	1	0	0	0	1	1	0	0	1	1	1	1	1	1	0	1	0	1	0	1	1	1	1	1	1	1	-68	-22	-52	
440	440	0	0	1	1	0	1	1	1	1	1	1	1	1	0	1	1	1	0	0	1	1	1	1	1	1	1	0	0	0	1	0	1	1	1	1	1	1	-20	-47	-50	
441	441	1	0	1	1	0	1	0	1	1	1	1	1	0	0	1	1	1	0	0	1	1	1	1	1	1	1	0	0	0	1	0	1	1	1	1	1	1	-83	-47	-50	
442	442	0	0	1	0	0	0	0	0	0	0	0	0	1	1	1	0	1	1	0	1	1	1	1	1	1	0	0	1	1	1	1	0	1	1	1	1	1	4	-68	-37	
443	443	1	1	1	0	0	1	0	1	1	1	1	1	0	1	1	0	1	1	0	1	1	1	1	1	1	0	0	1	1	1	1	0	1	1	1	1	1	-89	-68	-37	
444	444	1	1	0	1	1	0	0	0	0	0	0	0	1	0	0	1	1	0	1	1	1	1	1	1	1	1	0	1	1	0	1	0	1	1	1	1	1	27	-83	-20	
445	445	1	0	1	0	0	1	0	1	1	1	1	1	0	0	0	1	1	0	1	1	1	1	1	1	1	1	0	1	1	0	1	0	1	1	1	1	1	-91	-83	-20	
446	446	1	1	1	0	1	1	0	0	0	0	0	0	1	0	0	1	0	0	0	0	0	0	0	0	0	1	1	1	0	0	1	0	1	1	1	1	1	55	-89	4	
447	447	1	1	1	1	0	1	0	1	1	1	1	1	0	0	0	1	0	0	0	0	0	0	0	0	0	1	1	1	0	0	1	0	1	1	1	1	1	-81	-89	4	
448	448	1	0	1	1	0	0	1	0	0	0	0	0	1	1	1	0	1	1	0	0	0	0	0	0	0	1	0	1	0	0	1	0	1	1	1	1	1	77	-91	27	
449	449	0	0	0	1	1	1	0	1	1	1	1	1	0	1	1	0	1	1	0	0	0	0	0	0	0	1	0	1	0	0	1	0	1	1	1	1	1	-72	-91	27	
450	450	1	0	0	0	0	1	1	0	0	0	0	0	1	1	1	1	0	1	1	0	0	0	0	0	0	1	1	1	1	0	1	0	1	1	1	1	1	97	-81	55	
451	451	1	1	1	1	0	0	1	1	1	1	1	1	0	1	1	1	0	1	1	0	0	0	0	0	0	1	1	1	1	0	1	0	1	1	1	1	1	-49	-81	55	
452	452	1	1	0	1	0	1	1	0	0	0	0	0	1	1	0	1	1	0	0	1	0	0	0	0	0	0	0	0	1	1	1	0	1	1	1	1	1	107	-72	77	
453	453	0	1	1	0	0	1	1	1	1	1	1	1	0	1	0	1	1	0	0	1	0	0	0	0	0	0	0	0	1	1	1	0	1	1	1	1	1	-26	-72	77	
454	454	0	1	0	0	1	1	1	0	0	0	0	0	1	1	0	0	0	0	1	1	0	0	0	0	0	1	1	1	1	0	0	1	1	1	1	1	1	114	-49	97	
455	455	1	0	0	0	0	0	0	0	0	0	0	0	0	1	0	0	0	0	1	1	0	0	0	0	0	1	1	1	1	0	0	1	1	1	1	1	1	1	-49	97	
456	456	1	0	1	1	0	1	1	0	0	0	0	0	1	1	1	0	1	0	1	1	0	0	0	0	0	0	1	1	0	0	1	1	1	1	1	1	1	109	-26	107	
457	457	0	0	0	1	1	0	0	0	0	0	0	0	0	1	1	0	1	0	1	1	0	0	0	0	0	0	1	1	0	0	1	1	1	1	1	1	1	24	-26	107	
458	458	1	0	0	0	0	1	1	0	0	0	0	0	1	0	1	0	0	1	1	1	0	0	0	0	0	1	0	0	0	0	0	0	0	0	0	0	0	97	1	114	
459	459	1	1	1	1	0	1	0	0	0	0	0	0	0	0	1	0	0	1	1	1	0	0	0	0	0	1	0	0	0	0	0	0	0	0	0	0	0	47	1	114	
460	460	1	1	0	1	0	0	1	0	0	0	0	0	1	1	0	1	1	0	1	1	0	0	0	0	0	0	0	0	1	1	0	0	0	0	0	0	0	75	24	109	
461	461	1	0	0	0	0	0	1	0	0	0	0	0	0	1	0	1	1	0	1	1	0	0	0	0	0	0	0	0	1	1	0	0	0	0	0	0	0	65	24	109	
462	462	1	1	0	0	1	1	0	0	0	0	0	0	1	1	0	0	0	0	1	1	0	0	0	0	0	1	1	1	1	0	1	0	0	0	0	0	0	51	47	97	
463	463	0	0	0	1	0	0	1	0	0	0	0	0	0	1	0	0	0	0	1	1	0	0	0	0	0	1	1	1	1	0	1	0	0	0	0	0	0	72	47	97	
464	464	1	1	0	1	1	0	0	0	0	0	0	0	1	1	1	0	1	0	0	1	0	0	0	0	0	1	0	0	0	0	0	1	0	0	0	0	0	27	65	75	
465	465	1	1	1	0	0	0	1	0	0	0	0	0	0	1	1	0	1	0	0	1	0	0	0	0	0	1	0	0	0	0	0	1	0	0	0	0	0	71	65	75	
466	466	1	0	0	0	0	0	0	0	0	0	0	0	1	1	1	0	0	1	1	0	0	0	0	0	0	0	0	0	1	0	0	1	0	0	0	0	0	1	72	51	
467	467	1	0	0	0	0	0	1	0	0	0	0	0	0	1	1	0	0	1	1	0	0	0	0	0	0	0	0	0	1	0	0	1	0	0	0	0	0	65	72	51	
468	468	1	1	0	1	0	1	1	1	1	1	1	1	1	1	1	0	1	1	0	0	0	0	0	0	0	1	1	1	0	0	0	1	0	0	0	0	0	-21	71	27	
469	469	0	1	0	0	1	1	0	0	0	0	0	0	0	1	1	0	1	1	0	0	0	0	0	0	0	1	1	1	0	0	0	1	0	0	0	0	0	50	71	27	
470	470	0	1	0	1	1	0	1	1	1	1	1	1	1	1	0	0	0	0	0	0	0	0	0	0	0	1	0	0	0	0	0	1	0	0	0	0	0	-38	65	1	
471	471	1	1	0	1	1	0	0	0	0	0	0	0	0	1	0	0	0	0	0	0	0	0	0	0	0	1	0	0	0	0	0	1	0	0	0	0	0	27	65	1	
472	472	1	1	1	1	0	0	1	1	1	1	1	1	1	1	1	0	1	0	1	1	1	1	1	1	1	0	1	0	0	1	1	0	0	0	0	0	0	-49	50	-21	
473	473	1	0	1	0	0	0	0	0	0	0	0	0	0	1	1	0	1	0	1	1	1	1	1	1	1	0	1	0	0	1	1	0	0	0	0	0	0	5	50	-21	
474	474	1	0	1	1	0	0	1	1	1	1	1	1	1	0	1	0	1	1	0	1	1	1	1	1	1	1	1	0	1	1	0	0	0	0	0	0	0	-51	27	-38	
475	475	0	0	0	1	0	1	1	1	1	1	1	1	0	0	1	0	1	1	0	1	1	1	1	1	1	1	1	0	1	1	0	0	0	0	0	0	0	-24	27	-38	
476	476	1	1	1	1	0	0	1	1	1	1	1	1	1	1	1	1	1	0	0	1	1	1	1	1	1	1	0	1	0	0	0	0	0	0	0	0	0	-49	5	-49	
477	477	0	0	1	0	1	0	1	1	1	1	1	1	0	1	1	1	1	0	0	1	1	1	1	1	1	1	0	1	0	0	0	0	0	0	0	0	0	-44	5	-49	
478	478	0	0	1	1	1	0	1	1	1	1	1	1	1	1	0	1	1	0	0	1	1	1	1	1	1	0	0	0	1	0	1	1	1	1	1	1	1	-36	-24	-51	
479	479	1	0	1	1	1	1	0	1	1	1	1	1	0	1	0	1	1	0	0	1	1	1	1	1	1	0	0	0	1	0	1	1	1	1	1	1	1	-67	-24	-51	
480	480	0	0	1	1	0	1	1	1	1	1	1	1	1	1	1	1	1	0	0	1	1	1	1	1	1	0	0	1	0	1	0	1	1	1	1	1	1	-20	-44	-49	
481	481	1	1	1	1	0	1	0	1	1	1	1	1	0	1	1	1	1	0	0	1	1	1	1	1	1	0	0	1	0	1	0	1	1	1	1	1	1	-81	-44	-49	
482	482	1	0	0	0	0	0	0	0	0	0	0	0	1	0	0	1	1	1	0	1	1	1	1	1	1	1	0	1	1	1	1	0	1	1	1	1	1	1	-67	-36	
483	483	1	1	1	0	0	1	0	1	1	1	1	1	0	0	0	1	1	1	0	1	1	1	1	1	1	1	0	1	1	1	1	0	1	1	1	1	1	-89	-67	-36	
484	484	1	1	0	1	1	0	0	0	0	0	0	0	1	0	0	1	1	0	1	1	1	1	1	1	1	1	1	1	1	0	1	0	1	1	1	1	1	27	-81	-20	
485	485	1	1	1	0	0	1	0	1	1	1	1	1	0	0	0	1	1	0	1	1	1	1	1	1	1	1	1	1	1	0	1	0	1	1	1	1	1	-89	-81	-20	
486	486	0	0	1	0	1	1	0	0	0	0	0	0	1	1	0	0	0	0	0	0	0	0	0	0	0	1	1	1	0	0	1	0	1	1	1	1	1	52	-89	1	
487	487	0	0	1	1	0	1	0	1	1	1	1	1	0	1	0	0	0	0	0	0	0	0	0	0	0	1	1	1	0	0	1	0	1	1	1	1	1	-84	-89	1	
488	488	1	1	1	1	0	0	1	0	0	0	0	0	1	1	1	0	1	1	0	0	0	0	0	0	0	1	1	1	0	0	1	0	1	1	1	1	1	79	-89	27	
489	489	0	1	0	1	1	1	0	1	1	1	1	1	0	1	1	0	1	1	0	0	0	0	0	0	0	1	1	1	0	0	1	0	1	1	1	1	1	-70	-89	27	
490	490	1	0	0	0	0	1	1	0	0	0	0	0	1	0	0	1	0	1	1	0	0	0	0	0	0	0	0	1	1	0	1	0	1	1	1	1	1	97	-84	52	
491	491	1	1	1	1	0	0	1	1	1	1	1	1	0	0	0	1	0	1	1	0	0	0	0	0	0	0	0	1	1	0	1	0	1	1	1	1	1	-49	-84	52	
492	492	1	1	1	1	0	1	1	0	0	0	0	0	1	1	1	1	1	0	0	1	0	0	0	0	0	0	1	0	1	1	1	0	1	1	1	1	1	111	-70	79	
493	493	0	1	1	0	0	1	1	1	1	1	1	1	0	1	1	1	1	0	0	1	0	0	0	0	0	0	1	0	1	1	1	0	1	1	1	1	1	-26	-70	79	
494	494	0	0	0	0	1	1	1	0	0	0	0	0	1	1	0	0	0	0	1	1	0	0	0	0	0	1	1	1	1	0	0	1	1	1	1	1	1	112	-49	97	
495	495	1	0	0	0	0	0	0	0	0	0	0	0	0	1	0	0	0	0	1	1	0	0	0	0	0	1	1	1	1	0	0	1	1	1	1	1	1	1	-49	97	
496	496	0	0	1	1	0	1	1	0	0	0	0	0	1	1	1	1	1	0	1	1	0	0	0	0	0	0	1	1	0	0	1	1	1	1	1	1	1	108	-26	111	
497	497	0	1	0	1	1	0	0	0	0	0	0	0	0	1	1	1	1	0	1	1	0	0	0	0	0	0	1	1	0	0	1	1	1	1	1	1	1	26	-26	111	
498	498	0	0	1	1	1	0	1	0	0	0	0	0	1	0	0	0	0	1	1	1	0	0	0	0	0	1	0	0	0	0	0	0	0	0	0	0	0	92	1	112	
499	499	1	1	0	0	1	1	0	0	0	0	0	0	0	0	0	0	0	1	1	1	0	0	0	0	0	1	0	0	0	0	0	0	0	0	0	0	0	51	1	112	
500	500	1	1	0	1	0	0	1	0	0	0	0	0	1	0	0	1	1	0	1	1	0	0	0	0	0	0	1	0	1	1	0	0	0	0	0	0	0	75	26	108	
501	501	0	0	0	0	0	0	1	0	0	0	0	0	0	0	0	1	1	0	1	1	0	0	0	0	0	0	1	0	1	1	0	0	0	0	0	0	0	64	26	108	
502	502	1	0	0	0	1	1	0	0	0	0	0	0	1	0	0	1	1	1	0	1	0	0	0	0	0	1	1	0	0	1	1	0	0	0	0	0	0	49	51	92	
503	503	1	1	1	0	0	0	1	0	0	0	0	0	0	0	0	1	1	1	0	1	0	0	0	0	0	1	1	0	0	1	1	0	0	0	0	0	0	71	51	92	
504	504	1	1	1	0	1	0	0	0	0	0	0	0	1	1	1	0	1	0	0	1	0	0	0	0	0	0	0	0	0	0	0	1	0	0	0	0	0	23	64	75	
505	505	1	1	1	0	0	0	1	0	0	0	0	0	0	1	1	0	1	0	0	1	0	0	0	0	0	0	0	0	0	0	0	1	0	0	0	0	0	71	64	75	
506	506	0	0	1	1	1	1	1	1	1	1	1	1	1	1	0	0	0	1	1	0	0	0	0	0	0	1	1	1	0	0	0	1	0	0	0	0	0	-4	71	49	
507	507	0	1	1	1	1	1	0	0	0	0	0	0	0	1	0	0	0	1	1	0	0	0	0	0	0	1	1	1	0	0	0	1	0	0	0	0	0	62	71	49	
508	508	1	1	0	1	0	1	1	1	1	1	1	1	1	1	1	1	0	1	0	0	0	0	0	0	0	1	1	1	0	0	0	1	0	0	0	0	0	-21	71	23	
509	509	1	1	1	1	0	1	0	0	0	0	0	0	0	1	1	1	0	1	0	0	0	0	0	0	0	1	1	1	0	0	0	1	0	0	0	0	0	47	71	23	
510	510	1	1	1	0	1	0	1	1	1	1	1	1	1	0	0	1	1	1	1	1	1	1	1	1	1	0	1	1	1	1	1	0	0	0	0	0	0	-41	62	-4	
511	511	1	0	0	1	1	0	0	0	0	0	0	0	0	0	0	1	1	1	1	1	1	1	1	1	1	0	1	1	1	1	1	0	0	0	0	0	0	25	62	-4	
512	512	1	1	1	1	0	0	1	1	1	1	1	1	1	1	1	0	1	0	1	1	1	1	1	1	1	1	1	1	1	0	1	0	0	0	0	0	0	-49	47	-21	
513	513	0	1	1	1	1	1	1	1	1	1	1	1	0	1	1	0	1	0	1	1	1	1	1	1	1	1	1	1	1	0	1	0	0	0	0	0	0	-2	47	-21	
514	514	0	0	1	1	0	0	1	1	1	1	1	1	1	1	1	1	0	1	0	1	1	1	1	1	1	1	0	0	1	1	0	0	0	0	0	0	0	-52	25	-41	
515	515	1	1	1	0	0	1	1	1	1	1	1	1	0	1	1	1	0	1	0	1	1	1	1	1	1	1	0	0	1	1	0	0	0	0	0	0	0	-25	25	-41	
516	516	1	0	0	0	1	0	1	1	1	1	1	1	1	1	1	1	1	0	0	1	1	1	1	1	1	0	1	1	1	1	1	1	1	1	1	1	1	-47	-2	-49	
517	517	1	0	1	1	0	0	1	1	1	1	1	1	0	1	1	1	1	0	0	1	1	1	1	1	1	0	1	1	1	1	1	1	1	1	1	1	1	-51	-2	-49	
518	518	1	0	1	1	1	0	1	1	1	1	1	1	1	0	0	1	1	0	0	1	1	1	1	1	1	1	1	1	0	0	1	1	1	1	1	1	1	-35	-25	-52	
519	519	1	0	0	1	1	1	0	1	1	1	1	1	0	0	0	1	1	0	0	1	1	1	1	1	1	1	1	1	0	0	1	1	1	1	1	1	1	-71	-25	-52	
520	520	0	1	1	1	0	1	1	1	1	1	1	1	1	1	0	0	0	1	0	1	1	1	1	1	1	1	0	1	1	0	0	1	1	1	1	1	1	-18	-51	-47	
521	521	0	0	1	1	0	1	0	1	1	1	1	1	0	1	0	0	0	1	0	1	1	1	1	1	1	1	0	1	1	0	0	1	1	1	1	1	1	-84	-51	-47	
522	522	1	0	1	0	0	0	0	0	0	0	0	0	1	1	0	1	1	1	0	1	1	1	1	1	1	1	0	0	1	1	1	0	1	1	1	1	1	5	-71	-35	
523	523	0	0	1	0	0	1	0	1	1	1	1	1	0	1	0	1	1	1	0	1	1	1	1	1	1	1	0	0	1	1	1	0	1	1	1	1	1	-92	-71	-35	
524	524	1	1	1	1	1	0	0	0	0	0	0	0	1	0	1	1	1	0	1	1	1	1	1	1	1	0	0	1	1	0	1	0	1	1	1	1	1	31	-84	-18	
525	525	1	1	1	0	0	1	0	1	1	1	1	1	0	0	1	1	1	0	1	1	1	1	1	1	1	0	0	1	1	0	1	0	1	1	1	1	1	-89	-84	-18	
526	526	1	0	0	1	1	1	0	0	0	0	0	0	1	1	0	1	0	0	0	0	0	0	0	0	0	0	0	1	0	0	1	0	1	1	1	1	1	57	-92	5	
527	527	0	1	1	1	0	1	0	1	1	1	1	1	0	1	0	1	0	0	0	0	0	0	0	0	0	0	0	1	0	0	1	0	1	1	1	1	1	-82	-92	5	
528	528	0	1	1	1	0	0	1	0	0	0	0	0	1	1	1	1	1	1	0	0	0	0	0	0	0	1	1	1	0	0	1	0	1	1	1	1	1	78	-89	31	
529	529	1	0	1	1	1	1	0	1	1	1	1	1	0	1	1	1	1	1	0	0	0	0	0	0	0	1	1	1	0	0	1	0	1	1	1	1	1	-67	-89	31	
530	530	1	1	0	0	0	1	1	0	0	0	0	0	1	1	0	0	1	1	1	0	0	0	0	0	0	0	1	1	1	0	1	0	1	1	1	1	1	99	-82	57	
531	531	1	1	1	1	0	0	1	1	1	1	1	1	0	1	0	0	1	1	1	0	0	0	0	0	0	0	1	1	1	0	1	0	1	1	1	1	1	-49	-82	57	
532	532	0	1	1	1	0	1	1	0	0	0	0	0	1	0	1	1	1	0	0	1	0	0	0	0	0	1	0	1	1	1	1	0	1	1	1	1	1	110	-67	78	
533	533	1	0	0	1	0	1	1	1	1	1	1	1	0	0	1	1	1	0	0	1	0	0	0	0	0	1	0	1	1	1	1	0	1	1	1	1	1	-23	-67	78	
534	534	0	1	0	0	1	1	1	0	0	0	0	0	1	1	1	0	0	0	1	1	0	0	0	0	0	1	1	1	1	0	0	1	1	1	1	1	1	114	-49	99	
535	535	1	0	1	0	0	0	0	0	0	0	0	0	0	1	1	0	0	0	1	1	0	0	0	0	0	1	1	1	1	0	0	1	1	1	1	1	1	5	-49	99	
536	536	1	1	0	1	0	1	1	0	0	0	0	0	1	0	1	1	1	0	1	1	0	0	0	0	0	1	0	0	1	0	1	1	1	1	1	1	1	107	-23	110	
537	537	1	0	0	1	1	0	0	0	0	0	0	0	0	0	1	1	1	0	1	1	0	0	0	0	0	1	0	0	1	0	1	1	1	1	1	1	1	25	-23	110	
538	538	0	0	1	1	1	0	1	0	0	0	0	0	1	0	1	0	0	1	1	1	0	0	0	0	0	1	0	1	0	0	0	0	0	0	0	0	0	92	5	114	
539	539	0	1	0	0	1	1	0	0	0	0	0	0	0	0	1	0	0	1	1	1	0	0	0	0	0	1	0	1	0	0	0	0	0	0	0	0	0	50	5	114	
540	540	0	0	0	1	0	0	1	0	0	0	0	0	1	1	1	0	1	0	1	1	0	0	0	0	0	1	0	0	1	1	0	0	0	0	0	0	0	72	25	107	
541	541	0	0	0	0	0	0	1	0	0	0	0	0	0	1	1	0	1	0	1	1	0	0	0	0	0	1	0	0	1	1	0	0	0	0	0	0	0	64	25	107	
542	542	0	1	0	0	1	1	0	0	0	0	0	0	1	0	0	1	1	1	0	1	0	0	0	0	0	0	1	0	0	1	1	0	0	0	0	0	0	50	50	92	
543	543	1	1	1	0	0	0	1	0	0	0	0	0	0	0	0	1	1	1	0	1	0	0	0	0	0	0	1	0	0	1	1	0	0	0	0	0	0	71	50	92	
544	544	1	0	1	0	1	0	0	0	0	0	0	0	1	0	0	0	1	0	0	1	0	0	0	0	0	0	0	0	0	0	0	1	0	0	0	0	0	21	64	72	
545	545	1	1	1	0	0	0	1	0	0	0	0	0	0	0	0	0	1	0	0	1	0	0	0	0	0	0	0	0	0	0	0	1	0	0	0	0	0	71	64	72	
546	546	1	0	1	1	1	1	1	1	1	1	1	1	1	0	1	0	0	1	1	0	0	0	0	0	0	1	1	1	0	0	0	1	0	0	0	0	0	-3	71	50	
547	547	1	1	1	1	1	1	0	0	0	0	0	0	0	0	1	0	0	1	1	0	0	0	0	0	0	1	1	1	0	0	0	1	0	0	0	0	0	63	71	50	
548	548	1	1	0	1	0	1	1	1	1	1	1	1	1	1	0	1	0	1	0	0	0	0	0	0	0	1	1	1	0	0	0	1	0	0	0	0	0	-21	71	21	
549	549	0	1	1	1	0	1	0	0	0	0	0	0	0	1	0	1	0	1	0	0	0	0	0	0	0	1	1	1	0	0	0	1	0	0	0	0	0	46	71	21	
550	550	0	0	0	1	1	0	1	1	1	1	1	1	1	1	0	1	1	1	1	1	1	1	1	1	1	1	1	1	1	1	1	0	0	0	0	0	0	-40	63	-3	
551	551	1	0	0	1	1	0	0	0	0	0	0	0	0	1	0	1	1	1	1	1	1	1	1	1	1	1	1	1	1	1	1	0	0	0	0	0	0	25	63	-3	
552	552	1	1	1	1	0	0	1	1	1	1	1	1	1	1	1	0	1	0	1	1	1	1	1	1	1	0	1	1	1	0	1	0	0	0	0	0	0	-49	46	-21	
553	553	0	1	1	1	1	1	1	1	1	1	1	1	0	1	1	0	1	0	1	1	1	1	1	1	1	0	1	1	1	0	1	0	0	0	0	0	0	-2	46	-21	
554	554	1	1	0	1	0	0	1	1	1	1	1	1	1	0	0	0	1	1	0	1	1	1	1	1	1	1	0	0	1	1	0	0	0	0	0	0	0	-53	25	-40	
555	555	1	1	1	0	0	1	1	1	1	1	1	1	0	0	0	0	1	1	0	1	1	1	1	1	1	1	0	0	1	1	0	0	0	0	0	0	0	-25	25	-40	
556	556	1	1	1	1	0	0	1	1	1	1	1	1	1	1	1	1	1	0	0	1	1	1	1	1	1	0	1	1	1	1	1	1	1	1	1	1	1	-49	-2	-49	
557	557	1	1	1	1	0	0	1	1	1	1	1	1	0	1	1	1	1	0	0	1	1	1	1	1	1	0	1	1	1	1	1	1	1	1	1	1	1	-49	-2	-49	
558	558	1	1	0	1	1	0	1	1	1	1	1	1	1	1	1	0	1	0	0	1	1	1	1	1	1	1	1	1	0	0	1	1	1	1	1	1	1	-37	-25	-53	
559	559	1	0	1	1	1	1	0	1	1	1	1	1	0	1	1	0	1	0	0	1	1	1	1	1	1	1	1	1	0	0	1	1	1	1	1	1	1	-67	-25	-53	
560	560	1	0	1	1	0	1	1	1	1	1	1	1	1	1	1	1	1	0	0	1	1	1	1	1	1	1	1	1	1	0	0	1	1	1	1	1	1	-19	-49	-49	
561	561	0	1	1	1	0	1	0	1	1	1	1	1	0	1	1	1	1	0	0	1	1	1	1	1	1	1	1	1	1	0	0	1	1	1	1	1	1	-82	-49	-49	
562	562	1	1	1	1	1	1	1	1	1	1	1	1	1	1	1	0	1	1	0	1	1	1	1	1	1	1	0	1	1	1	1	0	1	1	1	1	1	-1	-67	-37	
563	563	1	0	0	1	0	1	0	1	1	1	1	1	0	1	1	0	1	1	0	1	1	1	1	1	1	1	0	1	1	1	1	0	1	1	1	1	1	-87	-67	-37	
564	564	1	1	1	1	1	0	0	0	0	0	0	0	1	1	0	1	1	0	1	1	1	1	1	1	1	0	1	1	1	0	1	0	1	1	1	1	1	31	-82	-19	
565	565	1	1	1	0	0	1	0	1	1	1	1	1	0	1	0	1	1	0	1	1	1	1	1	1	1	0	1	1	1	0	1	0	1	1	1	1	1	-89	-82	-19	
566	566	1	0	1	0	1	1	0	0	0	0	0	0	1	1	1	1	1	1	1	1	1	1	1	1	1	1	0	0	1	0	1	0	1	1	1	1	1	53	-87	-1	
567	567	0	0	1	1	0	1	0	1	1	1	1	1	0	1	1	1	1	1	1	1	1	1	1	1	1	1	0	0	1	0	1	0	1	1	1	1	1	-84	-87	-1	
568	568	1	1	1	1	0	0	1	0	0	0	0	0	1	1	1	1	1	1	0	0	0	0	0	0	0	1	1	1	0	0	1	0	1	1	1	1	1	79	-89	31	
569	569	1	1	0	1	1	1	0	1	1	1	1	1	0	1	1	1	1	1	0	0	0	0	0	0	0	1	1	1	0	0	1	0	1	1	1	1	1	-69	-89	31	
570	570	1	0	0	0	0	1	1	0	0	0	0	0	1	1	0	1	0	1	1	0	0	0	0	0	0	0	0	1	1	0	1	0	1	1	1	1	1	97	-84	53	
571	571	0	0	0	0	1	0	1	1	1	1	1	1	0	1	0	1	0	1	1	0	0	0	0	0	0	0	0	1	1	0	1	0	1	1	1	1	1	-48	-84	53	
572	572	1	1	1	1	0	1	1	0	0	0	0	0	1	1	1	1	1	0	0	1	0	0	0	0	0	1	1	0	1	1	1	0	1	1	1	1	1	111	-69	79	
573	573	0	0	1	0	0	1	1	1	1	1	1	1	0	1	1	1	1	0	0	1	0	0	0	0	0	1	1	0	1	1	1	0	1	1	1	1	1	-28	-69	79	
574	574	0	1	1	1	0	1	1	0	0	0	0	0	1	1	0	0	0	0	1	1	0	0	0	0	0	0	0	0	0	1	0	1	1	1	1	1	1	110	-48	97	
575	575	0	0	0	0	0	0	0	0	0	0	0	0	0	1	0	0	0	0	1	1	0	0	0	0	0	0	0	0	0	1	0	1	1	1	1	1	1	0	-48	97	
576	576	1	0	1	1	0	1	1	0	0	0	0	0	1	1	1	1	1	0	1	1	0	0	0	0	0	0	0	1	0	0	1	1	1	1	1	1	1	109	-28	111	
577	577	1	1	0	1	1	0	0	0	0	0	0	0	0	1	1	1	1	0	1	1	0	0	0	0	0	0	0	1	0	0	1	1	1	1	1	1	1	27	-28	111	
578	578	0	1	1	1	1	0	1	0	0	0	0	0	1	0	1	1	1	0	1	1	0	0	0	0	0	0	0	0	0	0	0	0	0	0	0	0	0	94	0	110	
579	579	0	0	0	0	1	1	0	0	0	0	0	0	0	0	1	1	1	0	1	1	0	0	0	0	0	0	0	0	0	0	0	0	0	0	0	0	0	48	0	110	
580	580	1	1	0	1	0	0	1	0	0	0	0	0	1	1	0	1	1	0	1	1	0	0	0	0	0	1	1	0	1	1	0	0	0	0	0	0	0	75	27	109	
581	581	1	1	1	1	1	1	0	0	0	0	0	0	0	1	0	1	1	0	1	1	0	0	0	0	0	1	1	0	1	1	0	0	0	0	0	0	0	63	27	109	
582	582	0	1	0	0	1	1	0	0	0	0	0	0	1	0	1	1	1	1	0	1	0	0	0	0	0	0	0	0	0	1	1	0	0	0	0	0	0	50	48	94	
583	583	0	0	0	1	0	0	1	0	0	0	0	0	0	0	1	1	1	1	0	1	0	0	0	0	0	0	0	0	0	1	1	0	0	0	0	0	0	72	48	94	
584	584	0	1	0	1	1	0	0	0	0	0	0	0	1	1	1	0	1	0	0	1	0	0	0	0	0	1	1	1	1	1	1	0	0	0	0	0	0	26	63	75	
585	585	1	1	1	0	0	0	1	0	0	0	0	0	0	1	1	0	1	0	0	1	0	0	0	0	0	1	1	1	1	1	1	0	0	0	0	0	0	71	63	75	
586	586	0	1	1	1	1	1	1	1	1	1	1	1	1	0	1	0	0	1	1	0	0	0	0	0	0	0	0	0	1	0	0	1	0	0	0	0	0	-2	72	50	
587	587	0	1	1	1	1	1	0	0	0	0	0	0	0	0	1	0	0	1	1	0	0	0	0	0	0	0	0	0	1	0	0	1	0	0	0	0	0	62	72	50	
588	588	1	0	0	1	0	1	1	1	1	1	1	1	1	0	1	0	1	1	0	0	0	0	0	0	0	1	1	1	0	0	0	1	0	0	0	0	0	-23	71	26	
589	589	0	1	1	1	0	1	0	0	0	0	0	0	0	0	1	0	1	1	0	0	0	0	0	0	0	1	1	1	0	0	0	1	0	0	0	0	0	46	71	26	
590	590	1	1	1	0	1	0	1	1	1	1	1	1	1	0	1	1	1	1	1	1	1	1	1	1	1	0	1	1	1	1	1	0	0	0	0	0	0	-41	62	-2	
591	591	0	1	0	1	1	0	0	0	0	0	0	0	0	0	1	1	1	1	1	1	1	1	1	1	1	0	1	1	1	1	1	0	0	0	0	0	0	26	62	-2	
592	592	1	1	1	1	0	0	1	1	1	1	1	1	1	1	0	0	1	0	1	1	1	1	1	1	1	0	1	1	1	0	1	0	0	0	0	0	0	-49	46	-23	
593	593	0	1	0	0	0	0	0	0	0	0	0	0	0	1	0	0	1	0	1	1	1	1	1	1	1	0	1	1	1	0	1	0	0	0	0	0	0	2	46	-23	
594	594	0	0	1	1	0	0	1	1	1	1	1	1	1	1	1	1	0	1	0	1	1	1	1	1	1	0	1	0	1	1	0	0	0	0	0	0	0	-52	26	-41	
595	595	1	1	1	0	0	1	1	1	1	1	1	1	0	1	1	1	0	1	0	1	1	1	1	1	1	0	1	0	1	1	0	0	0	0	0	0	0	-25	26	-41	
596	596	0	1	0	0	1	0	1	1	1	1	1	1	1	1	1	1	1	0	0	1	1	1	1	1	1	0	1	0	0	0	0	0	0	0	0	0	0	-46	2	-49	
597	597	1	1	1	1	0	0	1	1	1	1	1	1	0	1	1	1	1	0	0	1	1	1	1	1	1	0	1	0	0	0	0	0	0	0	0	0	0	-49	2	-49	
598	598	0	0	1	1	1	0	1	1	1	1	1	1	1	0	0	1	1	0	0	1	1	1	1	1	1	1	1	1	0	0	1	1	1	1	1	1	1	-36	-25	-52	
599	599	0	0	1	1	1	1	0	1	1	1	1	1	0	0	0	1	1	0	0	1	1	1	1	1	1	1	1	1	0	0	1	1	1	1	1	1	1	-68	-25	-52	
600	600	1	1	1	1	0	1	1	1	1	1	1	1	1	0	1	0	0	1	0	1	1	1	1	1	1	1	1	1	1	0	0	1	1	1	1	1	1	-17	-49	-46	
601	601	0	0	1	1	0	1	0	1	1	1	1	1	0	0	1	0	0	1	0	1	1	1	1	1	1	1	1	1	1	0	0	1	1	1	1	1	1	-84	-49	-46	
602	602	1	0	1	0	0	0	0	0	0	0	0	0	1	0	0	1	1	1	0	1	1	1	1	1	1	0	0	1	1	1	1	0	1	1	1	1	1	5	-68	-36	
603	603	0	1	1	0	0	1	0	1	1	1	1	1	0	0	0	1	1	1	0	1	1	1	1	1	1	0	0	1	1	1	1	0	1	1	1	1	1	-90	-68	-36	
604	604	0	1	1	1	1	0	0	0	0	0	0	0	1	1	1	1	1	0	1	1	1	1	1	1	1	0	0	1	1	0	1	0	1	1	1	1	1	30	-84	-17	
605	605	1	1	1	0	0	1	0	1	1	1	1	1	0	1	1	1	1	0	1	1	1	1	1	1	1	0	0	1	1	0	1	0	1	1	1	1	1	-89	-84	-17	
606	606	0	1	1	0	1	1	0	0	0	0	0	0	1	1	0	1	0	0	0	0	0	0	0	0	0	0	1	1	0	0	1	0	1	1	1	1	1	54	-90	5	
607	607	0	1	1	1	0	1	0	1	1	1	1	1	0	1	0	1	0	0	0	0	0	0	0	0	0	0	1	1	0	0	1	0	1	1	1	1	1	-82	-90	5	
608	608	0	1	1	1	0	0	1	0	0	0	0	0	1	0	1	1	1	1	0	0	0	0	0	0	0	1	1	1	0	0	1	0	1	1	1	1	1	78	-89	30	
609	609	0	1	0	1	1	1	0	1	1	1	1	1	0	0	1	1	1	1	0	0	0	0	0	0	0	1	1	1	0	0	1	0	1	1	1	1	1	-70	-89	30	
610	610	0	1	0	0	0	1	1	0	0	0	0	0	1	0	1	1	0	1	1	0	0	0	0	0	0	0	1	1	1	0	1	0	1	1	1	1	1	98	-82	54	
611	611	0	1	1	1	0	0	1	1	1	1	1	1	0	0	1	1	0	1	1	0	0	0	0	0	0	0	1	1	1	0	1	0	1	1	1	1	1	-50	-82	54	
612	612	0	0	1	1	0	1	1	0	0	0	0	0	1	0	1	1	1	0	0	1	0	0	0	0	0	0	1	0	1	1	1	0	1	1	1	1	1	108	-70	78	
613	613	0	0	1	0	0	1	1	1	1	1	1	1	0	0	1	1	1	0	0	1	0	0	0	0	0	0	1	0	1	1	1	0	1	1	1	1	1	-28	-70	78	
614	614	1	0	0	0	1	1	1	0	0	0	0	0	1	0	1	0	0	0	1	1	0	0	0	0	0	0	1	1	1	0	0	1	1	1	1	1	1	113	-50	98	
615	615	1	1	1	1	1	1	1	1	1	1	1	1	0	0	1	0	0	0	1	1	0	0	0	0	0	0	1	1	1	0	0	1	1	1	1	1	1	-1	-50	98	
616	616	0	0	1	1	0	1	1	0	0	0	0	0	1	0	0	1	1	0	1	1	0	0	0	0	0	0	0	1	0	0	1	1	1	1	1	1	1	108	-28	108	
617	617	1	0	0	1	1	0	0	0	0	0	0	0	0	0	0	1	1	0	1	1	0	0	0	0	0	0	0	1	0	0	1	1	1	1	1	1	1	25	-28	108	
618	618	1	1	1	1	1	0	1	0	0	0	0	0	1	1	0	0	0	1	1	1	0	0	0	0	0	1	1	1	1	1	1	1	1	1	1	1	1	95	-1	113	
619	619	0	1	1	1	0	1	0	0	0	0	0	0	0	1	0	0	0	1	1	1	0	0	0	0	0	1	1	1	1	1	1	1	1	1	1	1	1	46	-1	113	
620	620	0	1	1	1	0	0	1	0	0	0	0	0	1	0	0	1	1	0	1	1	0	0	0	0	0	1	0	0	1	1	0	0	0	0	0	0	0	78	25	108	
621	621	1	0	1	1	1	1	0	0	0	0	0	0	0	0	0	1	1	0	1	1	0	0	0	0	0	1	0	0	1	1	0	0	0	0	0	0	0	61	25	108	
622	622	1	0	1	0	1	1	0	0	0	0	0	0	1	1	1	1	1	1	0	1	0	0	0	0	0	0	1	1	1	0	1	0	0	0	0	0	0	53	46	95	
623	623	1	1	1	0	0	0	1	0	0	0	0	0	0	1	1	1	1	1	0	1	0	0	0	0	0	0	1	1	1	0	1	0	0	0	0	0	0	71	46	95	
624	624	1	0	0	1	1	0	0	0	0	0	0	0	1	0	1	1	1	0	0	1	0	0	0	0	0	1	0	1	1	1	1	0	0	0	0	0	0	25	61	78	
625	625	0	1	1	0	0	0	1	0	0	0	0	0	0	0	1	1	1	0	0	1	0	0	0	0	0	1	0	1	1	1	1	0	0	0	0	0	0	70	61	78	
626	626	1	0	0	0	0	0	0	0	0	0	0	0	1	1	0	1	0	1	1	0	0	0	0	0	0	1	1	1	0	0	0	1	0	0	0	0	0	1	71	53	
627	627	1	1	1	1	1	1	0	0	0	0	0	0	0	1	0	1	0	1	1	0	0	0	0	0	0	1	1	1	0	0	0	1	0	0	0	0	0	63	71	53	
628	628	1	1	0	1	0	1	1	1	1	1	1	1	1	1	0	0	1	1	0	0	0	0	0	0	0	0	1	1	0	0	0	1	0	0	0	0	0	-21	70	25	
629	629	1	0	0	0	1	1	0	0	0	0	0	0	0	1	0	0	1	1	0	0	0	0	0	0	0	0	1	1	0	0	0	1	0	0	0	0	0	49	70	25	
630	630	1	0	1	1	1	0	1	1	1	1	1	1	1	1	0	0	0	0	0	0	0	0	0	0	0	1	1	1	1	1	1	0	0	0	0	0	0	-35	63	1	
631	631	0	0	0	0	0	1	0	0	0	0	0	0	0	1	0	0	0	0	0	0	0	0	0	0	0	1	1	1	1	1	1	0	0	0	0	0	0	32	63	1	
632	632	0	1	1	1	0	0	1	1	1	1	1	1	1	1	1	0	1	0	1	1	1	1	1	1	1	1	0	0	0	1	1	0	0	0	0	0	0	-50	49	-21	
633	633	1	0	0	0	0	0	0	0	0	0	0	0	0	1	1	0	1	0	1	1	1	1	1	1	1	1	0	0	0	1	1	0	0	0	0	0	0	1	49	-21	
634	634	1	1	0	1	0	0	1	1	1	1	1	1	1	1	0	1	1	1	0	1	1	1	1	1	1	0	0	0	0	0	1	0	0	0	0	0	0	-53	32	-35	
635	635	0	1	0	1	0	1	1	1	1	1	1	1	0	1	0	1	1	1	0	1	1	1	1	1	1	0	0	0	0	0	1	0	0	0	0	0	0	-22	32	-35	
636	636	1	1	1	1	0	0	1	1	1	1	1	1	1	0	1	1	1	0	0	1	1	1	1	1	1	1	0	0	0	0	0	0	0	0	0	0	0	-49	1	-50	
637	637	1	0	0	0	1	0	1	1	1	1	1	1	0	0	1	1	1	0	0	1	1	1	1	1	1	1	0	0	0	0	0	0	0	0	0	0	0	-47	1	-50	
638	638	1	1	0	1	1	0	1	1	1	1	1	1	1	1	1	0	1	0	0	1	1	1	1	1	1	0	1	0	1	0	1	1	1	1	1	1	1	-37	-22	-53	
639	639	1	0	1	1	1	1	0	1	1	1	1	1	0	1	1	0	1	0	0	1	1	1	1	1	1	0	1	0	1	0	1	1	1	1	1	1	1	-67	-22	-53	
640	640	1	1	0	1	0	1	1	1	1	1	1	1	1	1	1	1	1	0	0	1	1	1	1	1	1	1	0	0	0	1	0	1	1	1	1	1	1	-21	-47	-49	
641	641	1	1	1	1	0	1	0	1	1	1	1	1	0	1	1	1	1	0	0	1	1	1	1	1	1	1	0	0	0	1	0	1	1	1	1	1	1	-81	-47	-49	
642	642	1	1	1	1	1	1	1	1	1	1	1	1	1	1	1	0	1	1	0	1	1	1	1	1	1	1	0	1	1	1	1	0	1	1	1	1	1	-1	-67	-37	
643	643	0	1	1	0	0	1	0	1	1	1	1	1	0	1	1	0	1	1	0	1	1	1	1	1	1	1	0	1	1	1	1	0	1	1	1	1	1	-90	-67	-37	
644	644	1	1	1	0	1	0	0	0	0	0	0	0	1	1	1	0	1	0	1	1	1	1	1	1	1	1	1	1	1	0	1	0	1	1	1	1	1	23	-81	-21	
645	645	0	1	1	0	0	1	0	1	1	1	1	1	0	1	1	0	1	0	1	1	1	1	1	1	1	1	1	1	1	0	1	0	1	1	1	1	1	-90	-81	-21	
646	646	1	0	1	0	1	1	0	0	0	0	0	0	1	1	1	1	1	1	1	1	1	1	1	1	1	0	1	1	0	0	1	0	1	1	1	1	1	53	-90	-1	
647	647	0	1	1	1	0	1	0	1	1	1	1	1	0	1	1	1	1	1	1	1	1	1	1	1	1	0	1	1	0	0	1	0	1	1	1	1	1	-82	-90	-1	
648	648	1	1	0	1	0	0	1	0	0	0	0	0	1	1	1	1	0	1	0	0	0	0	0	0	0	0	1	1	0	0	1	0	1	1	1	1	1	75	-90	23	
649	649	0	1	1	0	1	1	0	1	1	1	1	1	0	1	1	1	0	1	0	0	0	0	0	0	0	0	1	1	0	0	1	0	1	1	1	1	1	-74	-90	23	
650	650	0	0	0	0	0	1	1	0	0	0	0	0	1	1	0	1	0	1	1	0	0	0	0	0	0	0	1	1	1	0	1	0	1	1	1	1	1	96	-82	53	
651	651	0	1	1	1	0	0	1	1	1	1	1	1	0	1	0	1	0	1	1	0	0	0	0	0	0	0	1	1	1	0	1	0	1	1	1	1	1	-50	-82	53	
652	652	0	0	1	1	0	1	1	0	0	0	0	0	1	1	1	0	1	0	0	1	0	0	0	0	0	0	1	1	0	1	1	0	1	1	1	1	1	108	-74	75	
653	653	0	0	0	0	0	1	1	1	1	1	1	1	0	1	1	0	1	0	0	1	0	0	0	0	0	0	1	1	0	1	1	0	1	1	1	1	1	-32	-74	75	
654	654	0	1	0	0	1	1	1	0	0	0	0	0	1	0	0	0	0	0	1	1	0	0	0	0	0	0	1	1	1	0	0	1	1	1	1	1	1	114	-50	96	
655	655	0	1	1	1	1	1	1	1	1	1	1	1	0	0	0	0	0	0	1	1	0	0	0	0	0	0	1	1	1	0	0	1	1	1	1	1	1	-2	-50	96	
656	656	1	1	1	1	0	1	1	0	0	0	0	0	1	0	0	1	1	0	1	1	0	0	0	0	0	0	0	0	0	0	1	1	1	1	1	1	1	111	-32	108	
657	657	1	1	1	0	1	0	0	0	0	0	0	0	0	0	0	1	1	0	1	1	0	0	0	0	0	0	0	0	0	0	1	1	1	1	1	1	1	23	-32	108	
658	658	1	1	0	0	0	1	1	0	0	0	0	0	1	0	1	0	0	1	1	1	0	0	0	0	0	0	1	1	1	1	1	1	1	1	1	1	1	99	-2	114	
659	659	0	0	1	1	0	1	0	0	0	0	0	0	0	0	1	0	0	1	1	1	0	0	0	0	0	0	1	1	1	1	1	1	1	1	1	1	1	44	-2	114	
660	660	1	0	0	0	1	0	1	0	0	0	0	0	1	1	1	1	1	0	1	1	0	0	0	0	0	1	1	1	0	1	0	0	0	0	0	0	0	81	23	111	
661	661	1	1	1	1	1	1	0	0	0	0	0	0	0	1	1	1	1	0	1	1	0	0	0	0	0	1	1	1	0	1	0	0	0	0	0	0	0	63	23	111	
662	662	0	0	0	1	1	1	0	0	0	0	0	0	1	1	1	0	0	0	1	1	0	0	0	0	0	0	0	1	1	0	1	0	0	0	0	0	0	56	44	99	
663	663	0	1	1	0	0	0	1	0	0	0	0	0	0	1	1	0	0	0	1	1	0	0	0	0	0	0	0	1	1	0	1	0	0	0	0	0	0	70	44	99	
664	664	0	0	1	1	1	0	0	0	0	0	0	0	1	1	0	0	0	1	0	1	0	0	0	0	0	1	1	1	1	1	1	0	0	0	0	0	0	28	63	81	
665	665	0	0	0	1	0	0	1	0	0	0	0	0	0	1	0	0	0	1	0	1	0	0	0	0	0	1	1	1	1	1	1	0	0	0	0	0	0	72	63	81	
666	666	0	0	1	0	0	0	0	0	0	0	0	0	1	0	0	0	1	1	1	0	0	0	0	0	0	0	1	1	0	0	0	1	0	0	0	0	0	4	70	56	
667	667	1	1	0	0	0	0	1	0	0	0	0	0	0	0	0	0	1	1	1	0	0	0	0	0	0	0	1	1	0	0	0	1	0	0	0	0	0	67	70	56	
668	668	0	0	1	1	0	1	1	1	1	1	1	1	1	0	0	1	1	1	0	0	0	0	0	0	0	0	0	0	1	0	0	1	0	0	0	0	0	-20	72	28	
669	669	0	1	1	0	1	1	0	0	0	0	0	0	0	0	0	1	1	1	0	0	0	0	0	0	0	0	0	0	1	0	0	1	0	0	0	0	0	54	72	28	
670	670	0	1	1	1	1	0	1	1	1	1	1	1	1	0	0	1	0	0	0	0	0	0	0	0	0	1	1	0	0	0	0	1	0	0	0	0	0	-34	67	4	
671	671	1	1	1	1	1	0	0	0	0	0	0	0	0	0	0	1	0	0	0	0	0	0	0	0	0	1	1	0	0	0	0	1	0	0	0	0	0	31	67	4	
672	672	1	1	1	1	0	0	1	1	1	1	1	1	1	0	0	1	1	0	1	1	1	1	1	1	1	0	1	1	0	1	1	0	0	0	0	0	0	-49	54	-20	
673	673	1	1	1	0	0	0	0	0	0	0	0	0	0	0	0	1	1	0	1	1	1	1	1	1	1	0	1	1	0	1	1	0	0	0	0	0	0	7	54	-20	
674	674	0	1	0	1	0	0	1	1	1	1	1	1	1	0	1	1	1	1	0	1	1	1	1	1	1	1	1	1	1	1	0	0	0	0	0	0	0	-54	31	-34	
675	675	0	0	1	1	0	1	1	1	1	1	1	1	0	0	1	1	1	1	0	1	1	1	1	1	1	1	1	1	1	1	0	0	0	0	0	0	0	-20	31	-34	
676	676	1	0	0	0	1	0	1	1	1	1	1	1	1	1	1	1	1	0	0	1	1	1	1	1	1	1	1	1	0	0	0	0	0	0	0	0	0	-47	7	-49	
677	677	0	0	1	0	1	0	1	1	1	1	1	1	0	1	1	1	1	0	0	1	1	1	1	1	1	1	1	1	0	0	0	0	0	0	0	0	0	-44	7	-49	
678	678	1	1	1	0	1	0	1	1	1	1	1	1	1	0	1	0	1	0	0	1	1	1	1	1	1	0	0	1	1	0	1	1	1	1	1	1	1	-41	-20	-54	
679	679	1	1	1	1	1	1	0	1	1	1	1	1	0	0	1	0	1	0	0	1	1	1	1	1	1	0	0	1	1	0	1	1	1	1	1	1	1	-65	-20	-54	
680	680	1	1	0	1	0	1	1	1	1	1	1	1	1	1	0	0	0	1	0	1	1	1	1	1	1	0	0	1	0	1	0	1	1	1	1	1	1	-21	-44	-47	
681	681	1	1	1	1	0	1	0	1	1	1	1	1	0	1	0	0	0	1	0	1	1	1	1	1	1	0	0	1	0	1	0	1	1	1	1	1	1	-81	-44	-47	
682	682	1	0	1	1	1	1	1	1	1	1	1	1	1	1	1	1	0	1	0	1	1	1	1	1	1	1	1	1	1	1	1	0	1	1	1	1	1	-3	-65	-41	
683	683	1	1	1	0	0	1	0	1	1	1	1	1	0	1	1	1	0	1	0	1	1	1	1	1	1	1	1	1	1	1	1	0	1	1	1	1	1	-89	-65	-41	
684	684	1	0	0	1	1	0	0	0	0	0	0	0	1	1	1	0	1	0	1	1	1	1	1	1	1	1	1	1	1	0	1	0	1	1	1	1	1	25	-81	-21	
685	685	0	1	1	0	0	1	0	1	1	1	1	1	0	1	1	0	1	0	1	1	1	1	1	1	1	1	1	1	1	0	1	0	1	1	1	1	1	-90	-81	-21	
686	686	0	1	0	0	1	1	0	0	0	0	0	0	1	1	0	1	1	1	1	1	1	1	1	1	1	1	1	1	0	0	1	0	1	1	1	1	1	50	-89	-3	
687	687	0	0	1	1	0	1	0	1	1	1	1	1	0	1	0	1	1	1	1	1	1	1	1	1	1	1	1	1	0	0	1	0	1	1	1	1	1	-84	-89	-3	
688	688	0	1	0	1	0	0	1	0	0	0	0	0	1	1	0	0	1	1	0	0	0	0	0	0	0	0	1	1	0	0	1	0	1	1	1	1	1	74	-90	25	
689	689	0	0	0	1	1	1	0	1	1	1	1	1	0	1	0	0	1	1	0	0	0	0	0	0	0	0	1	1	0	0	1	0	1	1	1	1	1	-72	-90	25	
690	690	1	1	1	1	1	0	1	0	0	0	0	0	1	0	1	0	0	1	1	0	0	0	0	0	0	0	0	1	1	0	1	0	1	1	1	1	1	95	-84	50	
691	691	0	0	1	1	0	0	1	1	1	1	1	1	0	0	1	0	0	1	1	0	0	0	0	0	0	0	0	1	1	0	1	0	1	1	1	1	1	-52	-84	50	
692	692	1	1	0	1	0	1	1	0	0	0	0	0	1	0	1	0	1	0	0	1	0	0	0	0	0	0	0	0	1	1	1	0	1	1	1	1	1	107	-72	74	
693	693	1	1	0	0	0	1	1	1	1	1	1	1	0	0	1	0	1	0	0	1	0	0	0	0	0	0	0	0	1	1	1	0	1	1	1	1	1	-29	-72	74	
694	694	1	0	0	0	1	1	1	0	0	0	0	0	1	1	1	1	1	1	0	1	0	0	0	0	0	0	0	1	1	0	0	1	1	1	1	1	1	113	-52	95	
695	695	0	0	1	1	1	1	1	1	1	1	1	1	0	1	1	1	1	1	0	1	0	0	0	0	0	0	0	1	1	0	0	1	1	1	1	1	1	-4	-52	95	
696	696	0	1	1	1	0	1	1	0	0	0	0	0	1	1	1	0	1	0	1	1	0	0	0	0	0	1	1	0	0	0	1	1	1	1	1	1	1	110	-29	107	
697	697	0	1	1	0	1	0	0	0	0	0	0	0	0	1	1	0	1	0	1	1	0	0	0	0	0	1	1	0	0	0	1	1	1	1	1	1	1	22	-29	107	
698	698	0	0	0	0	0	1	1	0	0	0	0	0	1	1	0	0	0	1	1	1	0	0	0	0	0	0	0	1	1	1	1	1	1	1	1	1	1	96	-4	113	
699	699	0	0	1	1	0	1	0	0	0	0	0	0	0	1	0	0	0	1	1	1	0	0	0	0	0	0	0	1	1	1	1	1	1	1	1	1	1	44	-4	113	
700	700	1	1	1	1	0	0	1	0	0	0	0	0	1	0	1	1	1	0	1	1	0	0	0	0	0	0	1	1	0	1	0	0	0	0	0	0	0	79	22	110	
701	701	0	1	1	1	1	1	0	0	0	0	0	0	0	0	1	1	1	0	1	1	0	0	0	0	0	0	1	1	0	1	0	0	0	0	0	0	0	62	22	110	
702	702	0	1	1	0	1	1	0	0	0	0	0	0	1	0	0	0	0	0	1	1	0	0	0	0	0	0	0	1	1	0	1	0	0	0	0	0	0	54	44	96	
703	703	1	1	1	0	0	0	1	0	0	0	0	0	0	0	0	0	0	0	1	1	0	0	0	0	0	0	0	1	1	0	1	0	0	0	0	0	0	71	44	96	
704	704	0	1	1	1	1	0	0	0	0	0	0	0	1	1	1	1	1	0	0	1	0	0	0	0	0	0	1	1	1	1	1	0	0	0	0	0	0	30	62	79	
705	705	1	0	0	1	0	0	1	0	0	0	0	0	0	1	1	1	1	0	0	1	0	0	0	0	0	0	1	1	1	1	1	0	0	0	0	0	0	73	62	79	
706	706	1	1	0	0	0	0	0	0	0	0	0	0	1	0	1	1	0	1	1	0	0	0	0	0	0	1	1	1	0	0	0	1	0	0	0	0	0	3	71	54	
707	707	0	1	0	0	0	0	1	0	0	0	0	0	0	0	1	1	0	1	1	0	0	0	0	0	0	1	1	1	0	0	0	1	0	0	0	0	0	66	71	54	
708	708	1	1	1	1	0	1	1	1	1	1	1	1	1	0	1	1	1	1	0	0	0	0	0	0	0	1	0	0	1	0	0	1	0	0	0	0	0	-17	73	30	
709	709	1	1	0	0	1	1	0	0	0	0	0	0	0	0	1	1	1	1	0	0	0	0	0	0	0	1	0	0	1	0	0	1	0	0	0	0	0	51	73	30	
710	710	1	1	0	1	1	0	1	1	1	1	1	1	1	1	1	0	0	0	0	0	0	0	0	0	0	0	1	0	0	0	0	1	0	0	0	0	0	-37	66	3	
711	711	1	1	1	1	1	0	0	0	0	0	0	0	0	1	1	0	0	0	0	0	0	0	0	0	0	0	1	0	0	0	0	1	0	0	0	0	0	31	66	3	
712	712	1	1	1	1	0	0	1	1	1	1	1	1	1	1	1	1	1	0	1	1	1	1	1	1	1	1	1	0	0	1	1	0	0	0	0	0	0	-49	51	-17	
713	713	0	0	0	1	0	0	0	0	0	0	0	0	0	1	1	1	1	0	1	1	1	1	1	1	1	1	1	0	0	1	1	0	0	0	0	0	0	8	51	-17	
714	714	0	0	1	1	0	0	1	1	1	1	1	1	1	1	1	0	1	1	0	1	1	1	1	1	1	1	1	1	1	1	0	0	0	0	0	0	0	-52	31	-37	
715	715	1	1	1	1	0	1	1	1	1	1	1	1	0	1	1	0	1	1	0	1	1	1	1	1	1	1	1	1	1	1	0	0	0	0	0	0	0	-17	31	-37	
716	716	1	0	1	1	0	0	1	1	1	1	1	1	1	1	1	1	1	0	0	1	1	1	1	1	1	0	0	0	1	0	0	0	0	0	0	0	0	-51	8	-49	
717	717	0	1	1	0	1	0	1	1	1	1	1	1	0	1	1	1	1	0	0	1	1	1	1	1	1	0	0	0	1	0	0	0	0	0	0	0	0	-42	8	-49	
718	718	0	0	0	1	1	0	1	1	1	1	1	1	1	0	0	1	1	0	0	1	1	1	1	1	1	1	1	1	1	0	1	1	1	1	1	1	1	-40	-17	-52	
719	719	0	0	0	0	0	0	1	1	1	1	1	1	0	0	0	1	1	0	0	1	1	1	1	1	1	1	1	1	1	0	1	1	1	1	1	1	1	-64	-17	-52	
720	720	0	1	0	1	0	1	1	1	1	1	1	1	1	1	0	1	1	0	0	1	1	1	1	1	1	0	1	1	0	1	0	1	1	1	1	1	1	-22	-42	-51	
721	721	0	0	0	0	1	1	0	1	1	1	1	1	0	1	0	1	1	0	0	1	1	1	1	1	1	0	1	1	0	1	0	1	1	1	1	1	1	-80	-42	-51	
722	722	1	0	1	1	1	1	1	1	1	1	1	1	1	0	0	0	1	1	0	1	1	1	1	1	1	0	0	0	0	0	0	1	1	1	1	1	1	-3	-64	-40	
723	723	0	1	1	0	0	1	0	1	1	1	1	1	0	0	0	0	1	1	0	1	1	1	1	1	1	0	0	0	0	0	0	1	1	1	1	1	1	-90	-64	-40	
724	724	1	0	1	0	1	0	0	0	0	0	0	0	1	0	1	0	1	0	1	1	1	1	1	1	1	0	0	0	0	1	1	0	1	1	1	1	1	21	-80	-22	
725	725	0	1	1	0	0	1	0	1	1	1	1	1	0	0	1	0	1	0	1	1	1	1	1	1	1	0	0	0	0	1	1	0	1	1	1	1	1	-90	-80	-22	
726	726	1	1	0	0	1	1	0	0	0	0	0	0	1	1	0	1	1	1	1	1	1	1	1	1	1	0	1	1	0	0	1	0	1	1	1	1	1	51	-90	-3	
727	727	0	0	1	1	0	1	0	1	1	1	1	1	0	1	0	1	1	1	1	1	1	1	1	1	1	0	1	1	0	0	1	0	1	1	1	1	1	-84	-90	-3	
728	728	1	0	0	1	0	0	1	0	0	0	0	0	1	1	0	1	0	1	0	0	0	0	0	0	0	0	1	1	0	0	1	0	1	1	1	1	1	73	-90	21	
729	729	0	1	0	1	1	1	0	1	1	1	1	1	0	1	0	1	0	1	0	0	0	0	0	0	0	0	1	1	0	0	1	0	1	1	1	1	1	-70	-90	21	
730	730	0	1	1	1	1	0	1	0	0	0	0	0	1	1	1	0	0	1	1	0	0	0	0	0	0	0	0	1	1	0	1	0	1	1	1	1	1	94	-84	51	
731	731	0	1	0	1	0	0	1	1	1	1	1	1	0	1	1	0	0	1	1	0	0	0	0	0	0	0	0	1	1	0	1	0	1	1	1	1	1	-54	-84	51	
732	732	0	0	1	1	0	1	1	0	0	0	0	0	1	1	0	0	1	0	0	1	0	0	0	0	0	0	1	0	1	1	1	0	1	1	1	1	1	108	-70	73	
733	733	0	1	1	0	0	1	1	1	1	1	1	1	0	1	0	0	1	0	0	1	0	0	0	0	0	0	1	0	1	1	1	0	1	1	1	1	1	-26	-70	73	
734	734	1	0	0	0	1	1	1	0	0	0	0	0	1	0	1	1	1	1	0	1	0	0	0	0	0	0	1	0	1	0	0	1	1	1	1	1	1	113	-54	94	
735	735	0	1	1	1	1	1	1	1	1	1	1	1	0	0	1	1	1	1	0	1	0	0	0	0	0	0	1	0	1	0	0	1	1	1	1	1	1	-2	-54	94	
736	736	1	0	1	1	0	1	1	0	0	0	0	0	1	0	0	1	1	0	1	1	0	0	0	0	0	0	1	1	0	0	1	1	1	1	1	1	1	109	-26	108	
737	737	0	0	0	1	1	0	0	0	0	0	0	0	0	0	0	1	1	0	1	1	0	0	0	0	0	0	1	1	0	0	1	1	1	1	1	1	1	24	-26	108	
738	738	1	0	0	0	0	1	1	0	0	0	0	0	1	1	0	0	0	1	1	1	0	0	0	0	0	0	1	1	1	1	1	1	1	1	1	1	1	97	-2	113	
739	739	0	0	1	1	0	1	0	0	0	0	0	0	0	1	0	0	0	1	1	1	0	0	0	0	0	0	1	1	1	1	1	1	1	1	1	1	1	44	-2	113	
740	740	1	1	1	1	0	0	1	0	0	0	0	0	1	1	0	1	1	0	1	1	0	0	0	0	0	0	0	0	1	1	0	0	0	0	0	0	0	79	24	109	
741	741	1	0	0	0	0	0	1	0	0	0	0	0	0	1	0	1	1	0	1	1	0	0	0	0	0	0	0	0	1	1	0	0	0	0	0	0	0	65	24	109	
742	742	1	0	1	0	1	1	0	0	0	0	0	0	1	1	0	0	0	0	1	1	0	0	0	0	0	0	0	1	1	0	1	0	0	0	0	0	0	53	44	97	
743	743	1	0	1	0	0	0	1	0	0	0	0	0	0	1	0	0	0	0	1	1	0	0	0	0	0	0	0	1	1	0	1	0	0	0	0	0	0	69	44	97	
744	744	0	1	0	1	1	0	0	0	0	0	0	0	1	1	1	1	1	0	0	1	0	0	0	0	0	1	0	0	0	0	0	1	0	0	0	0	0	26	65	79	
745	745	0	0	0	1	0	0	1	0	0	0	0	0	0	1	1	1	1	0	0	1	0	0	0	0	0	1	0	0	0	0	0	1	0	0	0	0	0	72	65	79	
746	746	1	0	1	0	0	0	0	0	0	0	0	0	1	1	0	1	0	1	1	0	0	0	0	0	0	1	0	1	0	0	0	1	0	0	0	0	0	5	69	53	
747	747	0	1	0	0	0	0	1	0	0	0	0	0	0	1	0	1	0	1	1	0	0	0	0	0	0	1	0	1	0	0	0	1	0	0	0	0	0	66	69	53	
748	748	0	0	1	1	0	1	1	1	1	1	1	1	1	0	1	0	1	1	0	0	0	0	0	0	0	0	0	0	1	0	0	1	0	0	0	0	0	-20	72	26	
749	749	0	0	1	0	1	1	0	0	0	0	0	0	0	0	1	0	1	1	0	0	0	0	0	0	0	0	0	0	1	0	0	1	0	0	0	0	0	52	72	26	
750	750	0	0	1	1	1	0	1	1	1	1	1	1	1	1	0	1	0	0	0	0	0	0	0	0	0	0	1	0	0	0	0	1	0	0	0	0	0	-36	66	5	
751	751	0	1	1	1	1	0	0	0	0	0	0	0	0	1	0	1	0	0	0	0	0	0	0	0	0	0	1	0	0	0	0	1	0	0	0	0	0	30	66	5	
752	752	1	0	0	0	1	0	1	1	1	1	1	1	1	0	0	1	1	0	1	1	1	1	1	1	1	0	0	1	0	1	1	0	0	0	0	0	0	-47	52	-20	
753	753	0	1	1	0	0	0	0	0	0	0	0	0	0	0	0	1	1	0	1	1	1	1	1	1	1	0	0	1	0	1	1	0	0	0	0	0	0	6	52	-20	
754	754	1	1	0	1	0	0	1	1	1	1	1	1	1	0	0	1	1	1	0	1	1	1	1	1	1	0	1	1	1	1	0	0	0	0	0	0	0	-53	30	-36	
755	755	0	0	1	1	0	1	1	1	1	1	1	1	0	0	0	1	1	1	0	1	1	1	1	1	1	0	1	1	1	1	0	0	0	0	0	0	0	-20	30	-36	
756	756	1	1	1	1	0	0	1	1	1	1	1	1	1	1	0	0	0	1	0	1	1	1	1	1	1	0	1	1	0	0	0	0	0	0	0	0	0	-49	6	-47	
757	757	0	0	1	0	1	0	1	1	1	1	1	1	0	1	0	0	0	1	0	1	1	1	1	1	1	0	1	1	0	0	0	0	0	0	0	0	0	-44	6	-47	
758	758	0	1	1	0	1	0	1	1	1	1	1	1	1	1	1	0	1	0	0	1	1	1	1	1	1	0	0	1	1	0	1	1	1	1	1	1	1	-42	-20	-53	
759	759	1	0	0	0	0	0	1	1	1	1	1	1	0	1	1	0	1	0	0	1	1	1	1	1	1	0	0	1	1	0	1	1	1	1	1	1	1	-63	-20	-53	
760	760	1	1	0	1	0	1	1	1	1	1	1	1	1	1	1	1	1	0	0	1	1	1	1	1	1	0	0	1	0	1	0	1	1	1	1	1	1	-21	-44	-49	
761	761	1	0	0	0	1	1	0	1	1	1	1	1	0	1	1	1	1	0	0	1	1	1	1	1	1	0	0	1	0	1	0	1	1	1	1	1	1	-79	-44	-49	
762	762	1	1	1	1	1	1	1	1	1	1	1	1	1	0	1	1	0	1	0	1	1	1	1	1	1	1	0	0	0	0	0	1	1	1	1	1	1	-1	-63	-42	
763	763	1	1	1	0	0	1	0	1	1	1	1	1	0	0	1	1	0	1	0	1	1	1	1	1	1	1	0	0	0	0	0	1	1	1	1	1	1	-89	-63	-42	
764	764	1	0	0	1	1	0	0	0	0	0	0	0	1	1	1	0	1	0	1	1	1	1	1	1	1	1	0	0	0	1	1	0	1	1	1	1	1	25	-79	-21	
765	765	0	1	1	0	0	1	0	1	1	1	1	1	0	1	1	0	1	0	1	1	1	1	1	1	1	1	0	0	0	1	1	0	1	1	1	1	1	-90	-79	-21	
766	766	0	0	0	0	1	1	0	0	0	0	0	0	1	1	1	1	1	1	1	1	1	1	1	1	1	1	1	1	0	0	1	0	1	1	1	1	1	48	-89	-1	
767	767	0	1	0	1	0	1	0	1	1	1	1	1	0	1	1	1	1	1	1	1	1	1	1	1	1	1	1	1	0	0	1	0	1	1	1	1	1	-86	-89	-1	
768	768	0	0	0	1	0	0	1	0	0	0	0	0	1	1	0	0	1	1	0	0	0	0	0	0	0	0	1	1	0	0	1	0	1	1	1	1	1	72	-90	25	
769	769	0	0	0	1	1	1	0	1	1	1	1	1	0	1	0	0	1	1	0	0	0	0	0	0	0	0	1	1	0	0	1	0	1	1	1	1	1	-72	-90	25	
770	770	0	1	1	1	1	0	1	0	0	0	0	0	1	0	0	0	0	1	1	0	0	0	0	0	0	0	1	0	1	0	1	0	1	1	1	1	1	94	-86	48	
771	771	1	1	0	1	0	0	1	1	1	1	1	1	0	0	0	0	0	1	1	0	0	0	0	0	0	0	1	0	1	0	1	0	1	1	1	1	1	-53	-86	48	
772	772	1	1	0	1	0	1	1	0	0	0	0	0	1	0	0	0	1	0	0	1	0	0	0	0	0	0	0	0	1	1	1	0	1	1	1	1	1	107	-72	72	
773	773	1	0	0	0	0	1	1	1	1	1	1	1	0	0	0	0	1	0	0	1	0	0	0	0	0	0	0	0	1	1	1	0	1	1	1	1	1	-31	-72	72	
774	774	0	1	0	0	1	1	1	0	0	0	0	0	1	0	1	1	1	1	0	1	0	0	0	0	0	1	1	0	1	0	0	1	1	1	1	1	1	114	-53	94	
775	775	0	1	0	1	1	1	1	1	1	1	1	1	0	0	1	1	1	1	0	1	0	0	0	0	0	1	1	0	1	0	0	1	1	1	1	1	1	-6	-53	94	
776	776	1	1	1	1	0	1	1	0	0	0	0	0	1	1	1	0	1	0	1	1	0	0	0	0	0	1	0	0	0	0	1	1	1	1	1	1	1	111	-31	107	
777	777	1	1	0	0	1	0	0	0	0	0	0	0	0	1	1	0	1	0	1	1	0	0	0	0	0	1	0	0	0	0	1	1	1	1	1	1	1	19	-31	107	
778	778	0	0	1	0	0	1	1	0	0	0	0	0	1	0	1	0	0	1	1	1	0	0	0	0	0	0	1	0	1	1	1	1	1	1	1	1	1	100	-6	114	
779	779	0	0	1	1	0	1	0	0	0	0	0	0	0	0	1	0	0	1	1	1	0	0	0	0	0	0	1	0	1	1	1	1	1	1	1	1	1	44	-6	114	
780	780	1	0	0	0	1	0	1	0	0	0	0	0	1	1	1	1	1	0	1	1	0	0	0	0	0	1	1	0	0	1	0	0	0	0	0	0	0	81	19	111	
781	781	0	1	0	1	1	1	0	0	0	0	0	0	0	1	1	1	1	0	1	1	0	0	0	0	0	1	1	0	0	1	0	0	0	0	0	0	0	58	19	111	
782	782	1	0	0	1	1	1	0	0	0	0	0	0	1	0	0	1	0	0	1	1	0	0	0	0	0	0	0	1	1	0	1	0	0	0	0	0	0	57	44	100	
783	783	1	1	1	0	0	0	1	0	0	0	0	0	0	0	0	1	0	0	1	1	0	0	0	0	0	0	0	1	1	0	1	0	0	0	0	0	0	71	44	100	
784	784	0	1	1	1	1	0	0	0	0	0	0	0	1	1	0	0	0	1	0	1	0	0	0	0	0	0	1	0	1	1	1	0	0	0	0	0	0	30	58	81	
785	785	0	0	0	1	0	0	1	0	0	0	0	0	0	1	0	0	0	1	0	1	0	0	0	0	0	0	1	0	1	1	1	0	0	0	0	0	0	72	58	81	
786	786	0	1	0	1	0	0	0	0	0	0	0	0	1	1	0	0	1	1	1	0	0	0	0	0	0	1	1	1	0	0	0	1	0	0	0	0	0	10	71	57	
787	787	0	1	0	0	0	0	1	0	0	0	0	0	0	1	0	0	1	1	1	0	0	0	0	0	0	1	1	1	0	0	0	1	0	0	0	0	0	66	71	57	
788	788	0	1	0	0	1	1	1	1	1	1	1	1	1	0	1	1	1	1	0	0	0	0	0	0	0	0	0	0	1	0	0	1	0	0	0	0	0	-14	72	30	
789	789	1	1	1	0	1	1	0	0	0	0	0	0	0	0	1	1	1	1	0	0	0	0	0	0	0	0	0	0	1	0	0	1	0	0	0	0	0	55	72	30	
790	790	1	0	1	1	1	0	1	1	1	1	1	1	1	0	1	0	1	0	0	0	0	0	0	0	0	0	1	0	0	0	0	1	0	0	0	0	0	-35	66	10	
791	791	0	0	1	0	0	1	0	0	0	0	0	0	0	0	1	0	1	0	0	0	0	0	0	0	0	0	1	0	0	0	0	1	0	0	0	0	0	36	66	10	
792	792	1	1	0	0	1	0	1	1	1	1	1	1	1	0	1	0	0	1	1	1	1	1	1	1	1	1	1	1	0	1	1	0	0	0	0	0	0	-45	55	-14	
793	793	0	0	0	1	0	0	0	0	0	0	0	0	0	0	1	0	0	1	1	1	1	1	1	1	1	1	1	1	0	1	1	0	0	0	0	0	0	8	55	-14	
794	794	0	0	1	1	0	0	1	1	1	1	1	1	1	1	0	1	1	1	0	1	1	1	1	1	1	0	0	1	0	0	1	0	0	0	0	0	0	-52	36	-35	
795	795	1	1	1	1	0	1	1	1	1	1	1	1	0	1	0	1	1	1	0	1	1	1	1	1	1	0	0	1	0	0	1	0	0	0	0	0	0	-17	36	-35	
796	796	1	0	1	1	0	0	1	1	1	1	1	1	1	1	1	0	0	1	0	1	1	1	1	1	1	0	0	0	1	0	0	0	0	0	0	0	0	-51	8	-45	
797	797	1	1	1	0	1	0	1	1	1	1	1	1	0	1	1	0	0	1	0	1	1	1	1	1	1	0	0	0	1	0	0	0	0	0	0	0	0	-41	8	-45	
798	798	1	1	1	0	1	0	1	1	1	1	1	1	1	0	0	1	1	0	0	1	1	1	1	1	1	1	1	1	1	0	1	1	1	1	1	1	1	-41	-17	-52	
799	799	1	1	0	0	0	0	1	1	1	1	1	1	0	0	0	1	1	0	0	1	1	1	1	1	1	1	1	1	1	0	1	1	1	1	1	1	1	-61	-17	-52	
800	800	0	1	1	0	0	1	1	1	1	1	1	1	1	1	0	1	1	0	0	1	1	1	1	1	1	1	1	1	0	1	0	1	1	1	1	1	1	-26	-41	-51	
801	801	0	1	0	0	1	1	0	1	1	1	1	1	0	1	0	1	1	0	0	1	1	1	1	1	1	1	1	1	0	1	0	1	1	1	1	1	1	-78	-41	-51	
802	802	0	1	0	1	1	1	1	1	1	1	1	1	1	1	1	1	0	1	0	1	1	1	1	1	1	1	1	0	0	0	0	1	1	1	1	1	1	-6	-61	-41	
803	803	0	0	0	1	0	1	0	1	1	1	1	1	0	1	1	1	0	1	0	1	1	1	1	1	1	1	1	0	0	0	0	1	1	1	1	1	1	-88	-61	-41	
804	804	0	0	1	0	1	0	0	0	0	0	0	0	1	0	1	1	0	0	1	1	1	1	1	1	1	0	1	0	0	1	1	0	1	1	1	1	1	20	-78	-26	
805	805	0	1	1	0	0	1	0	1	1	1	1	1	0	0	1	1	0	0	1	1	1	1	1	1	1	0	1	0	0	1	1	0	1	1	1	1	1	-90	-78	-26	
806	806	1	0	1	1	0	1	0	0	0	0	0	0	1	0	1	0	1	1	1	1	1	1	1	1	1	0	0	0	1	0	1	0	1	1	1	1	1	45	-88	-6	
807	807	0	1	0	1	0	1	0	1	1	1	1	1	0	0	1	0	1	1	1	1	1	1	1	1	1	0	0	0	1	0	1	0	1	1	1	1	1	-86	-88	-6	
808	808	0	0	0	1	0	0	1	0	0	0	0	0	1	0	0	1	0	1	0	0	0	0	0	0	0	0	1	1	0	0	1	0	1	1	1	1	1	72	-90	20	
809	809	1	0	1	0	1	1	0	1	1	1	1	1	0	0	0	1	0	1	0	0	0	0	0	0	0	0	1	1	0	0	1	0	1	1	1	1	1	-75	-90	20	
810	810	1	1	0	1	1	0	1	0	0	0	0	0	1	1	0	1	1	0	1	0	0	0	0	0	0	0	1	0	1	0	1	0	1	1	1	1	1	91	-86	45	
811	811	0	0	0	1	0	0	1	1	1	1	1	1	0	1	0	1	1	0	1	0	0	0	0	0	0	0	1	0	1	0	1	0	1	1	1	1	1	-56	-86	45	
812	812	0	1	0	1	0	1	1	0	0	0	0	0	1	0	0	0	1	0	0	1	0	0	0	0	0	1	0	1	0	1	1	0	1	1	1	1	1	106	-75	72	
813	813	1	1	1	1	1	0	1	1	1	1	1	1	0	0	0	0	1	0	0	1	0	0	0	0	0	1	0	1	0	1	1	0	1	1	1	1	1	-33	-75	72	
814	814	1	0	0	0	1	1	1	0	0	0	0	0	1	1	1	0	1	1	0	1	0	0	0	0	0	0	0	0	1	0	0	1	1	1	1	1	1	113	-56	91	
815	815	0	1	1	0	1	1	1	1	1	1	1	1	0	1	1	0	1	1	0	1	0	0	0	0	0	0	0	0	1	0	0	1	1	1	1	1	1	-10	-56	91	
816	816	1	0	1	1	0	1	1	0	0	0	0	0	1	0	1	0	1	0	1	1	0	0	0	0	0	1	1	1	1	1	0	1	1	1	1	1	1	109	-33	106	
817	817	0	0	1	0	1	0	0	0	0	0	0	0	0	0	1	0	1	0	1	1	0	0	0	0	0	1	1	1	1	1	0	1	1	1	1	1	1	20	-33	106	
818	818	0	0	1	0	0	1	1	0	0	0	0	0	1	1	0	0	0	1	1	1	0	0	0	0	0	0	1	1	0	1	1	1	1	1	1	1	1	100	-10	113	
819	819	0	1	1	0	0	1	0	0	0	0	0	0	0	1	0	0	0	1	1	1	0	0	0	0	0	0	1	1	0	1	1	1	1	1	1	1	1	38	-10	113	
820	820	0	1	0	0	1	0	1	0	0	0	0	0	1	1	0	1	1	0	1	1	0	0	0	0	0	0	0	1	0	1	0	0	0	0	0	0	0	82	20	109	
821	821	0	1	1	1	1	1	0	0	0	0	0	0	0	1	0	1	1	0	1	1	0	0	0	0	0	0	0	1	0	1	0	0	0	0	0	0	0	62	20	109	
822	822	1	0	0	1	1	1	0	0	0	0	0	0	1	0	0	1	0	0	1	1	0	0	0	0	0	0	1	1	0	0	1	0	0	0	0	0	0	57	38	100	
823	823	0	1	1	0	0	0	1	0	0	0	0	0	0	0	0	1	0	0	1	1	0	0	0	0	0	0	1	1	0	0	1	0	0	0	0	0	0	70	38	100	
824	824	1	1	0	0	0	1	0	0	0	0	0	0	1	0	1	0	0	1	0	1	0	0	0	0	0	0	1	1	1	1	1	0	0	0	0	0	0	35	62	82	
825	825	1	1	0	1	0	0	1	0	0	0	0	0	0	0	1	0	0	1	0	1	0	0	0	0	0	0	1	1	1	1	1	0	0	0	0	0	0	75	62	82	
826	826	1	1	1	0	0	0	0	0	0	0	0	0	1	1	0	0	1	1	1	0	0	0	0	0	0	0	1	1	0	0	0	1	0	0	0	0	0	7	70	57	
827	827	0	1	0	0	0	0	1	0	0	0	0	0	0	1	0	0	1	1	1	0	0	0	0	0	0	0	1	1	0	0	0	1	0	0	0	0	0	66	70	57	
828	828	0	1	1	1	0	1	1	1	1	1	1	1	1	1	1	0	0	0	1	0	0	0	0	0	0	1	1	0	1	0	0	1	0	0	0	0	0	-18	75	35	
829	829	1	1	1	0	1	1	0	0	0	0	0	0	0	1	1	0	0	0	1	0	0	0	0	0	0	1	1	0	1	0	0	1	0	0	0	0	0	55	75	35	
830	830	1	1	1	1	1	0	1	1	1	1	1	1	1	1	1	1	0	0	0	0	0	0	0	0	0	0	1	0	0	0	0	1	0	0	0	0	0	-33	66	7	
831	831	0	1	0	0	0	1	0	0	0	0	0	0	0	1	1	1	0	0	0	0	0	0	0	0	0	0	1	0	0	0	0	1	0	0	0	0	0	34	66	7	
832	832	1	1	0	0	1	0	1	1	1	1	1	1	1	0	1	1	1	0	1	1	1	1	1	1	1	1	1	1	0	1	1	0	0	0	0	0	0	-45	55	-18	
833	833	1	1	0	1	0	0	0	0	0	0	0	0	0	0	1	1	1	0	1	1	1	1	1	1	1	1	1	1	0	1	1	0	0	0	0	0	0	11	55	-18	
834	834	1	1	0	1	0	0	1	1	1	1	1	1	1	1	1	1	1	1	0	1	1	1	1	1	1	0	1	0	0	0	1	0	0	0	0	0	0	-53	34	-33	
835	835	1	1	1	1	0	1	1	1	1	1	1	1	0	1	1	1	1	1	0	1	1	1	1	1	1	0	1	0	0	0	1	0	0	0	0	0	0	-17	34	-33	
836	836	1	0	1	1	0	0	1	1	1	1	1	1	1	1	1	0	0	1	0	1	1	1	1	1	1	1	1	0	1	0	0	0	0	0	0	0	0	-51	11	-45	
837	837	0	0	0	1	1	0	1	1	1	1	1	1	0	1	1	0	0	1	0	1	1	1	1	1	1	1	1	0	1	0	0	0	0	0	0	0	0	-40	11	-45	
838	838	0	1	1	0	1	0	1	1	1	1	1	1	1	1	1	0	1	0	0	1	1	1	1	1	1	1	1	1	1	0	1	1	1	1	1	1	1	-42	-17	-53	
839	839	0	0	0	0	0	0	1	1	1	1	1	1	0	1	1	0	1	0	0	1	1	1	1	1	1	1	1	1	1	0	1	1	1	1	1	1	1	-64	-17	-53	
840	840	0	1	1	0	0	1	1	1	1	1	1	1	1	1	0	1	1	0	0	1	1	1	1	1	1	0	0	0	1	1	0	1	1	1	1	1	1	-26	-40	-51	
841	841	1	0	0	0	1	1	0	1	1	1	1	1	0	1	0	1	1	0	0	1	1	1	1	1	1	0	0	0	1	1	0	1	1	1	1	1	1	-79	-40	-51	
842	842	0	1	1	1	1	1	1	1	1	1	1	1	1	0	1	1	0	1	0	1	1	1	1	1	1	0	0	0	0	0	0	1	1	1	1	1	1	-2	-64	-42	
843	843	0	1	1	0	0	1	0	1	1	1	1	1	0	0	1	1	0	1	0	1	1	1	1	1	1	0	0	0	0	0	0	1	1	1	1	1	1	-90	-64	-42	
844	844	0	0	1	0	1	0	0	0	0	0	0	0	1	0	1	1	0	0	1	1	1	1	1	1	1	1	0	0	0	1	1	0	1	1	1	1	1	20	-79	-26	
845	845	1	1	1	0	0	1	0	1	1	1	1	1	0	0	1	1	0	0	1	1	1	1	1	1	1	1	0	0	0	1	1	0	1	1	1	1	1	-89	-79	-26	
846	846	1	1	1	1	0	1	0	0	0	0	0	0	1	0	1	1	1	1	1	1	1	1	1	1	1	0	1	1	0	0	1	0	1	1	1	1	1	47	-90	-2	
847	847	1	0	0	1	0	1	0	1	1	1	1	1	0	0	1	1	1	1	1	1	1	1	1	1	1	0	1	1	0	0	1	0	1	1	1	1	1	-87	-90	-2	
848	848	1	0	0	1	0	0	1	0	0	0	0	0	1	0	0	1	0	1	0	0	0	0	0	0	0	1	1	1	0	0	1	0	1	1	1	1	1	73	-89	20	
849	849	1	1	1	0	1	1	0	1	1	1	1	1	0	0	0	1	0	1	0	0	0	0	0	0	0	1	1	1	0	0	1	0	1	1	1	1	1	-73	-89	20	
850	850	1	0	1	1	1	0	1	0	0	0	0	0	1	1	1	1	1	0	1	0	0	0	0	0	0	1	0	0	1	0	1	0	1	1	1	1	1	93	-87	47	
851	851	0	0	0	1	0	0	1	1	1	1	1	1	0	1	1	1	1	0	1	0	0	0	0	0	0	1	0	0	1	0	1	0	1	1	1	1	1	-56	-87	47	
852	852	0	0	1	1	0	1	1	0	0	0	0	0	1	1	0	0	1	0	0	1	0	0	0	0	0	1	1	1	0	1	1	0	1	1	1	1	1	108	-73	73	
853	853	1	1	1	1	1	0	1	1	1	1	1	1	0	1	0	0	1	0	0	1	0	0	0	0	0	1	1	1	0	1	1	0	1	1	1	1	1	-33	-73	73	
854	854	1	0	0	0	1	1	1	0	0	0	0	0	1	1	0	1	1	1	0	1	0	0	0	0	0	0	0	0	1	0	0	1	1	1	1	1	1	113	-56	93	
855	855	1	1	1	0	1	1	1	1	1	1	1	1	0	1	0	1	1	1	0	1	0	0	0	0	0	0	0	0	1	0	0	1	1	1	1	1	1	-9	-56	93	
856	856	0	1	1	1	0	1	1	0	0	0	0	0	1	0	0	1	1	0	1	1	0	0	0	0	0	1	1	1	1	1	0	1	1	1	1	1	1	110	-33	108	
857	857	0	1	0	0	1	0	0	0	0	0	0	0	0	0	0	1	1	0	1	1	0	0	0	0	0	1	1	1	1	1	0	1	1	1	1	1	1	18	-33	108	
858	858	0	1	0	0	0	1	1	0	0	0	0	0	1	1	0	0	0	1	1	1	0	0	0	0	0	1	1	1	0	1	1	1	1	1	1	1	1	98	-9	113	
859	859	1	0	0	1	0	1	0	0	0	0	0	0	0	1	0	0	0	1	1	1	0	0	0	0	0	1	1	1	0	1	1	1	1	1	1	1	1	41	-9	113	
860	860	1	0	0	0	1	0	1	0	0	0	0	0	1	0	1	1	1	0	1	1	0	0	0	0	0	0	1	0	0	1	0	0	0	0	0	0	0	81	18	110	
861	861	0	0	1	1	1	1	0	0	0	0	0	0	0	0	1	1	1	0	1	1	0	0	0	0	0	0	1	0	0	1	0	0	0	0	0	0	0	60	18	110	
862	862	1	0	0	1	1	1	0	0	0	0	0	0	1	0	1	0	0	0	1	1	0	0	0	0	0	1	0	0	1	0	1	0	0	0	0	0	0	57	41	98	
863	863	0	1	1	0	0	0	1	0	0	0	0	0	0	0	1	0	0	0	1	1	0	0	0	0	0	1	0	0	1	0	1	0	0	0	0	0	0	70	41	98	
864	864	1	0	0	0	0	1	0	0	0	0	0	0	1	1	0	0	0	1	0	1	0	0	0	0	0	0	0	1	1	1	1	0	0	0	0	0	0	33	60	81	
865	865	0	1	0	1	0	0	1	0	0	0	0	0	0	1	0	0	0	1	0	1	0	0	0	0	0	0	0	1	1	1	1	0	0	0	0	0	0	74	60	81	
866	866	1	0	1	0	0	0	0	0	0	0	0	0	1	1	0	0	1	1	1	0	0	0	0	0	0	0	1	1	0	0	0	1	0	0	0	0	0	5	70	57	
867	867	0	0	0	0	0	0	1	0	0	0	0	0	0	1	0	0	1	1	1	0	0	0	0	0	0	0	1	1	0	0	0	1	0	0	0	0	0	64	70	57	
868	868	1	0	0	0	1	1	1	1	1	1	1	1	1	1	0	0	0	0	1	0	0	0	0	0	0	0	1	0	1	0	0	1	0	0	0	0	0	-15	74	33	
869	869	1	1	1	0	1	1	0	0	0	0	0	0	0	1	0	0	0	0	1	0	0	0	0	0	0	0	1	0	1	0	0	1	0	0	0	0	0	55	74	33	
870	870	0	1	1	1	1	0	1	1	1	1	1	1	1	1	0	1	0	0	0	0	0	0	0	0	0	0	0	0	0	0	0	1	0	0	0	0	0	-34	64	5	
871	871	0	1	0	0	0	1	0	0	0	0	0	0	0	1	0	1	0	0	0	0	0	0	0	0	0	0	0	0	0	0	0	1	0	0	0	0	0	34	64	5	
872	872	1	1	0	0	1	0	1	1	1	1	1	1	1	1	0	0	0	1	1	1	1	1	1	1	1	1	1	1	0	1	1	0	0	0	0	0	0	-45	55	-15	
873	873	0	1	0	1	0	0	0	0	0	0	0	0	0	1	0	0	0	1	1	1	1	1	1	1	1	1	1	1	0	1	1	0	0	0	0	0	0	10	55	-15	
874	874	1	0	1	1	0	0	1	1	1	1	1	1	1	0	1	1	1	1	0	1	1	1	1	1	1	0	1	0	0	0	1	0	0	0	0	0	0	-51	34	-34	
875	875	0	0	1	1	0	1	1	1	1	1	1	1	0	0	1	1	1	1	0	1	1	1	1	1	1	0	1	0	0	0	1	0	0	0	0	0	0	-20	34	-34	
876	876	0	0	0	0	1	0	1	1	1	1	1	1	1	1	1	0	0	1	0	1	1	1	1	1	1	0	1	0	1	0	0	0	0	0	0	0	0	-48	10	-45	
877	877	1	1	1	0	1	0	1	1	1	1	1	1	0	1	1	0	0	1	0	1	1	1	1	1	1	0	1	0	1	0	0	0	0	0	0	0	0	-41	10	-45	
878	878	0	1	1	0	1	0	1	1	1	1	1	1	1	1	0	1	1	0	0	1	1	1	1	1	1	0	0	1	1	0	1	1	1	1	1	1	1	-42	-20	-51	
879	879	0	0	0	0	0	0	1	1	1	1	1	1	0	1	0	1	1	0	0	1	1	1	1	1	1	0	0	1	1	0	1	1	1	1	1	1	1	-64	-20	-51	
880	880	1	0	0	1	0	1	1	1	1	1	1	1	1	0	0	0	0	1	0	1	1	1	1	1	1	1	1	1	0	1	0	1	1	1	1	1	1	-23	-41	-48	
881	881	0	0	0	0	1	1	0	1	1	1	1	1	0	0	0	0	0	1	0	1	1	1	1	1	1	1	1	1	0	1	0	1	1	1	1	1	1	-80	-41	-48	
882	882	0	0	1	1	1	1	1	1	1	1	1	1	1	0	1	1	0	1	0	1	1	1	1	1	1	0	0	0	0	0	0	1	1	1	1	1	1	-4	-64	-42	
883	883	0	0	0	1	0	1	0	1	1	1	1	1	0	0	1	1	0	1	0	1	1	1	1	1	1	0	0	0	0	0	0	1	1	1	1	1	1	-88	-64	-42	
884	884	1	1	1	0	1	0	0	0	0	0	0	0	1	1	0	0	1	0	1	1	1	1	1	1	1	0	0	0	0	1	1	0	1	1	1	1	1	23	-80	-23	
885	885	1	1	0	0	0	1	0	1	1	1	1	1	0	1	0	0	1	0	1	1	1	1	1	1	1	0	0	0	0	1	1	0	1	1	1	1	1	-93	-80	-23	
886	886	0	0	0	0	1	1	0	0	0	0	0	0	1	0	0	1	1	1	1	1	1	1	1	1	1	0	0	0	1	0	1	0	1	1	1	1	1	48	-88	-4	
887	887	0	0	1	1	0	1	0	1	1	1	1	1	0	0	0	1	1	1	1	1	1	1	1	1	1	0	0	0	1	0	1	0	1	1	1	1	1	-84	-88	-4	
888	888	0	0	0	1	0	0	1	0	0	0	0	0	1	1	1	1	0	1	0	0	0	0	0	0	0	1	1	0	0	0	1	0	1	1	1	1	1	72	-93	23	
889	889	0	1	1	0	1	1	0	1	1	1	1	1	0	1	1	1	0	1	0	0	0	0	0	0	0	1	1	0	0	0	1	0	1	1	1	1	1	-74	-93	23	
890	890	0	0	1	1	1	0	1	0	0	0	0	0	1	0	0	0	0	1	1	0	0	0	0	0	0	0	0	1	1	0	1	0	1	1	1	1	1	92	-84	48	
891	891	0	0	0	1	0	0	1	1	1	1	1	1	0	0	0	0	0	1	1	0	0	0	0	0	0	0	0	1	1	0	1	0	1	1	1	1	1	-56	-84	48	
892	892	0	0	1	1	0	1	1	0	0	0	0	0	1	0	0	0	1	0	0	1	0	0	0	0	0	0	1	1	0	1	1	0	1	1	1	1	1	108	-74	72	
893	893	1	1	1	1	1	0	1	1	1	1	1	1	0	0	0	0	1	0	0	1	0	0	0	0	0	0	1	1	0	1	1	0	1	1	1	1	1	-33	-74	72	
894	894	1	1	1	1	0	1	1	0	0	0	0	0	1	0	0	1	1	1	0	1	0	0	0	0	0	0	0	0	1	0	0	1	1	1	1	1	1	111	-56	92	
895	895	0	0	0	1	1	1	1	1	1	1	1	1	0	0	0	1	1	1	0	1	0	0	0	0	0	0	0	0	1	0	0	1	1	1	1	1	1	-8	-56	92	
896	896	1	1	1	1	0	1	1	0	0	0	0	0	1	0	0	1	1	0	1	1	0	0	0	0	0	1	1	1	1	1	0	1	1	1	1	1	1	111	-33	108	
897	897	0	1	0	0	1	0	0	0	0	0	0	0	0	0	0	1	1	0	1	1	0	0	0	0	0	1	1	1	1	1	0	1	1	1	1	1	1	18	-33	108	
898	898	1	0	0	0	0	1	1	0	0	0	0	0	1	1	1	1	1	0	1	1	0	0	0	0	0	0	0	0	1	1	1	1	1	1	1	1	1	97	-8	111	
899	899	0	1	0	1	0	1	0	0	0	0	0	0	0	1	1	1	1	0	1	1	0	0	0	0	0	0	0	0	1	1	1	1	1	1	1	1	1	42	-8	111	
900	900	0	0	1	0	1	0	1	0	0	0	0	0	1	1	1	1	1	0	1	1	0	0	0	0	0	0	1	0	0	1	0	0	0	0	0	0	0	84	18	111	
901	901	1	0	1	1	1	1	0	0	0	0	0	0	0	1	1	1	1	0	1	1	0	0	0	0	0	0	1	0	0	1	0	0	0	0	0	0	0	61	18	111	
902	902	0	1	0	1	1	1	0	0	0	0	0	0	1	1	0	0	0	0	1	1	0	0	0	0	0	0	1	0	1	0	1	0	0	0	0	0	0	58	42	97	
903	903	0	1	1	0	0	0	1	0	0	0	0	0	0	1	0	0	0	0	1	1	0	0	0	0	0	0	1	0	1	0	1	0	0	0	0	0	0	70	42	97	
904	904	1	0	0	0	0	1	0	0	0	0	0	0	1	0	0	1	0	1	0	1	0	0	0	0	0	1	0	1	1	1	1	0	0	0	0	0	0	33	61	84	
905	905	0	1	0	1	0	0	1	0	0	0	0	0	0	0	0	1	0	1	0	1	0	0	0	0	0	1	0	1	1	1	1	0	0	0	0	0	0	74	61	84	
906	906	1	1	1	0	0	0	0	0	0	0	0	0	1	0	1	0	1	1	1	0	0	0	0	0	0	0	1	1	0	0	0	1	0	0	0	0	0	7	70	58	
907	907	0	1	1	0	0	0	1	0	0	0	0	0	0	0	1	0	1	1	1	0	0	0	0	0	0	0	1	1	0	0	0	1	0	0	0	0	0	70	70	58	
908	908	1	1	1	1	0	1	1	1	1	1	1	1	1	1	0	0	0	0	1	0	0	0	0	0	0	0	1	0	1	0	0	1	0	0	0	0	0	-17	74	33	
909	909	0	1	1	0	1	1	0	0	0	0	0	0	0	1	0	0	0	0	1	0	0	0	0	0	0	0	1	0	1	0	0	1	0	0	0	0	0	54	74	33	
910	910	1	0	0	0	0	1	1	1	1	1	1	1	1	1	1	1	0	0	0	0	0	0	0	0	0	0	1	1	0	0	0	1	0	0	0	0	0	-31	70	7	
911	911	1	0	0	0	0	1	0	0	0	0	0	0	0	1	1	1	0	0	0	0	0	0	0	0	0	0	1	1	0	0	0	1	0	0	0	0	0	33	70	7	
912	912	1	0	0	0	1	0	1	1	1	1	1	1	1	1	1	1	1	0	1	1	1	1	1	1	1	0	1	1	0	1	1	0	0	0	0	0	0	-47	54	-17	
913	913	0	0	1	1	0	0	0	0	0	0	0	0	0	1	1	1	1	0	1	1	1	1	1	1	1	0	1	1	0	1	1	0	0	0	0	0	0	12	54	-17	
914	914	0	0	1	1	0	0	1	1	1	1	1	1	1	1	0	0	0	0	1	1	1	1	1	1	1	1	0	0	0	0	1	0	0	0	0	0	0	-52	33	-31	
915	915	1	0	0	0	1	1	1	1	1	1	1	1	0	1	0	0	0	0	1	1	1	1	1	1	1	1	0	0	0	0	1	0	0	0	0	0	0	-15	33	-31	
916	916	0	1	1	1	0	0	1	1	1	1	1	1	1	1	0	0	0	1	0	1	1	1	1	1	1	0	0	1	1	0	0	0	0	0	0	0	0	-50	12	-47	
917	917	0	0	0	1	1	0	1	1	1	1	1	1	0	1	0	0	0	1	0	1	1	1	1	1	1	0	0	1	1	0	0	0	0	0	0	0	0	-40	12	-47	
918	918	1	0	1	0	1	0	1	1	1	1	1	1	1	0	0	1	1	0	0	1	1	1	1	1	1	1	0	0	0	1	1	1	1	1	1	1	1	-43	-15	-52	
919	919	1	0	1	0	0	0	1	1	1	1	1	1	0	0	0	1	1	0	0	1	1	1	1	1	1	1	0	0	0	1	1	1	1	1	1	1	1	-59	-15	-52	
920	920	0	1	1	0	0	1	1	1	1	1	1	1	1	0	1	1	1	0	0	1	1	1	1	1	1	0	0	0	1	1	0	1	1	1	1	1	1	-26	-40	-50	
921	921	1	0	1	0	1	1	0	1	1	1	1	1	0	0	1	1	1	0	0	1	1	1	1	1	1	0	0	0	1	1	0	1	1	1	1	1	1	-75	-40	-50	
922	922	1	0	0	1	1	1	1	1	1	1	1	1	1	1	0	1	0	1	0	1	1	1	1	1	1	1	0	1	0	0	0	1	1	1	1	1	1	-7	-59	-43	
923	923	0	0	0	1	0	1	0	1	1	1	1	1	0	1	0	1	0	1	0	1	1	1	1	1	1	1	0	1	0	0	0	1	1	1	1	1	1	-88	-59	-43	
924	924	0	0	1	0	1	0	0	0	0	0	0	0	1	0	1	1	0	0	1	1	1	1	1	1	1	1	0	1	0	1	1	0	1	1	1	1	1	20	-75	-26	
925	925	1	1	0	0	0	1	0	1	1	1	1	1	0	0	1	1	0	0	1	1	1	1	1	1	1	1	0	1	0	1	1	0	1	1	1	1	1	-93	-75	-26	
926	926	1	1	0	1	0	1	0	0	0	0	0	0	1	1	0	0	1	1	1	1	1	1	1	1	1	0	0	0	1	0	1	0	1	1	1	1	1	43	-88	-7	
927	927	0	0	0	1	0	1	0	1	1	1	1	1	0	1	0	0	1	1	1	1	1	1	1	1	1	0	0	0	1	0	1	0	1	1	1	1	1	-88	-88	-7	
928	928	0	0	1	0	0	0	1	0	0	0	0	0	1	0	0	1	0	1	0	0	0	0	0	0	0	1	1	0	0	0	1	0	1	1	1	1	1	68	-93	20	
929	929	1	1	0	0	1	1	0	1	1	1	1	1	0	0	0	1	0	1	0	0	0	0	0	0	0	1	1	0	0	0	1	0	1	1	1	1	1	-77	-93	20	
930	930	1	1	1	0	1	0	1	0	0	0	0	0	1	1	1	0	1	0	1	0	0	0	0	0	0	0	0	0	1	0	1	0	1	1	1	1	1	87	-88	43	
931	931	1	0	1	0	0	0	1	1	1	1	1	1	0	1	1	0	1	0	1	0	0	0	0	0	0	0	0	0	1	0	1	0	1	1	1	1	1	-59	-88	43	
932	932	1	1	0	1	0	1	1	0	0	0	0	0	1	0	0	1	0	0	0	1	0	0	0	0	0	1	1	0	0	1	1	0	1	1	1	1	1	107	-77	68	
933	933	0	0	1	1	1	0	1	1	1	1	1	1	0	0	0	1	0	0	0	1	0	0	0	0	0	1	1	0	0	1	1	0	1	1	1	1	1	-36	-77	68	
934	934	1	1	1	1	0	1	1	0	0	0	0	0	1	1	1	1	0	1	0	1	0	0	0	0	0	1	0	1	0	0	0	1	1	1	1	1	1	111	-59	87	
935	935	0	1	0	0	1	1	1	1	1	1	1	1	0	1	1	1	0	1	0	1	0	0	0	0	0	1	0	1	0	0	0	1	1	1	1	1	1	-14	-59	87	
936	936	1	0	0	0	1	1	1	0	0	0	0	0	1	1	1	0	1	0	1	1	0	0	0	0	0	0	0	1	1	1	0	1	1	1	1	1	1	113	-36	107	
937	937	0	1	1	1	0	0	0	0	0	0	0	0	0	1	1	0	1	0	1	1	0	0	0	0	0	0	0	1	1	1	0	1	1	1	1	1	1	14	-36	107	
938	938	1	0	1	0	0	1	1	0	0	0	0	0	1	1	1	1	1	0	1	1	0	0	0	0	0	0	1	0	0	1	1	1	1	1	1	1	1	101	-14	111	
939	939	1	0	1	0	0	1	0	0	0	0	0	0	0	1	1	1	1	0	1	1	0	0	0	0	0	0	1	0	0	1	1	1	1	1	1	1	1	37	-14	111	
940	940	1	1	1	0	1	0	1	0	0	0	0	0	1	1	0	0	0	1	1	1	0	0	0	0	0	0	1	1	1	0	0	0	0	0	0	0	0	87	14	113	
941	941	0	0	0	1	1	1	0	0	0	0	0	0	0	1	0	0	0	1	1	1	0	0	0	0	0	0	1	1	1	0	0	0	0	0	0	0	0	56	14	113	
942	942	1	0	1	1	1	1	0	0	0	0	0	0	1	1	0	1	0	0	1	1	0	0	0	0	0	1	0	1	0	0	1	0	0	0	0	0	0	61	37	101	
943	943	0	0	1	0	0	0	1	0	0	0	0	0	0	1	0	1	0	0	1	1	0	0	0	0	0	1	0	1	0	0	1	0	0	0	0	0	0	68	37	101	
944	944	0	0	1	0	0	1	0	0	0	0	0	0	1	1	1	1	0	1	0	1	0	0	0	0	0	0	0	0	1	1	1	0	0	0	0	0	0	36	56	87	
945	945	0	0	0	1	0	0	1	0	0	0	0	0	0	1	1	1	0	1	0	1	0	0	0	0	0	0	0	0	1	1	1	0	0	0	0	0	0	72	56	87	
946	946	0	0	1	1	0	0	0	0	0	0	0	0	1	1	0	1	1	1	1	0	0	0	0	0	0	0	0	1	0	0	0	1	0	0	0	0	0	12	68	61	
947	947	1	1	0	0	0	0	1	0	0	0	0	0	0	1	0	1	1	1	1	0	0	0	0	0	0	0	0	1	0	0	0	1	0	0	0	0	0	67	68	61	
948	948	0	0	1	0	1	1	1	1	1	1	1	1	1	0	0	1	0	0	1	0	0	0	0	0	0	0	0	0	1	0	0	1	0	0	0	0	0	-12	72	36	
949	949	1	0	0	1	1	1	0	0	0	0	0	0	0	0	0	1	0	0	1	0	0	0	0	0	0	0	0	0	1	0	0	1	0	0	0	0	0	57	72	36	
950	950	1	0	0	0	0	1	1	1	1	1	1	1	1	0	0	1	1	0	0	0	0	0	0	0	0	1	1	0	0	0	0	1	0	0	0	0	0	-31	67	12	
951	951	0	1	1	0	0	1	0	0	0	0	0	0	0	0	0	1	1	0	0	0	0	0	0	0	0	1	1	0	0	0	0	1	0	0	0	0	0	38	67	12	
952	952	1	1	0	0	1	0	1	1	1	1	1	1	1	0	0	1	0	1	1	1	1	1	1	1	1	1	0	0	1	1	1	0	0	0	0	0	0	-45	57	-12	
953	953	1	1	1	1	0	0	0	0	0	0	0	0	0	0	0	1	0	1	1	1	1	1	1	1	1	1	0	0	1	1	1	0	0	0	0	0	0	15	57	-12	
954	954	1	0	1	1	0	0	1	1	1	1	1	1	1	1	0	0	0	0	1	1	1	1	1	1	1	0	1	1	0	0	1	0	0	0	0	0	0	-51	38	-31	
955	955	0	1	1	0	1	1	1	1	1	1	1	1	0	1	0	0	0	0	1	1	1	1	1	1	1	0	1	1	0	0	1	0	0	0	0	0	0	-10	38	-31	
956	956	0	1	1	1	0	0	1	1	1	1	1	1	1	1	1	0	0	1	0	1	1	1	1	1	1	1	1	1	1	0	0	0	0	0	0	0	0	-50	15	-45	
957	957	1	1	0	1	1	0	1	1	1	1	1	1	0	1	1	0	0	1	0	1	1	1	1	1	1	1	1	1	1	0	0	0	0	0	0	0	0	-37	15	-45	
958	958	0	0	1	0	1	0	1	1	1	1	1	1	1	1	0	1	1	0	0	1	1	1	1	1	1	0	1	1	0	1	1	1	1	1	1	1	1	-44	-10	-51	
959	959	0	1	1	0	0	0	1	1	1	1	1	1	0	1	0	1	1	0	0	1	1	1	1	1	1	0	1	1	0	1	1	1	1	1	1	1	1	-58	-10	-51	
960	960	1	0	0	0	0	1	1	1	1	1	1	1	1	0	1	1	1	0	0	1	1	1	1	1	1	1	1	0	1	1	0	1	1	1	1	1	1	-31	-37	-50	
961	961	1	1	1	0	1	1	0	1	1	1	1	1	0	0	1	1	1	0	0	1	1	1	1	1	1	1	1	0	1	1	0	1	1	1	1	1	1	-73	-37	-50	
962	962	0	1	1	0	1	1	1	1	1	1	1	1	1	0	0	1	0	1	0	1	1	1	1	1	1	0	1	1	0	0	0	1	1	1	1	1	1	-10	-58	-44	
963	963	1	0	0	1	0	1	0	1	1	1	1	1	0	0	0	1	0	1	0	1	1	1	1	1	1	0	1	1	0	0	0	1	1	1	1	1	1	-87	-58	-44	
964	964	1	0	1	1	0	0	0	0	0	0	0	0	1	1	0	0	0	0	1	1	1	1	1	1	1	1	1	1	0	1	1	0	1	1	1	1	1	13	-73	-31	
965	965	0	1	1	0	0	1	0	1	1	1	1	1	0	1	0	0	0	0	1	1	1	1	1	1	1	1	1	1	0	1	1	0	1	1	1	1	1	-90	-73	-31	
966	966	1	0	0	1	0	1	0	0	0	0	0	0	1	0	1	1	0	1	1	1	1	1	1	1	1	1	0	0	1	0	1	0	1	1	1	1	1	41	-87	-10	
967	967	1	1	0	1	0	1	0	1	1	1	1	1	0	0	1	1	0	1	1	1	1	1	1	1	1	1	0	0	1	0	1	0	1	1	1	1	1	-85	-87	-10	
968	968	1	0	0	0	0	0	1	0	0	0	0	0	1	1	0	1	1	0	0	0	0	0	0	0	0	0	1	1	0	0	1	0	1	1	1	1	1	65	-90	13	
969	969	0	1	0	0	1	1	0	1	1	1	1	1	0	1	0	1	1	0	0	0	0	0	0	0	0	0	1	1	0	0	1	0	1	1	1	1	1	-78	-90	13	
970	970	0	1	1	0	1	0	1	0	0	0	0	0	1	1	0	0	1	0	1	0	0	0	0	0	0	1	1	0	1	0	1	0	1	1	1	1	1	86	-85	41	
971	971	1	1	1	1	1	1	0	1	1	1	1	1	0	1	0	0	1	0	1	0	0	0	0	0	0	1	1	0	1	0	1	0	1	1	1	1	1	-65	-85	41	
972	972	1	1	1	0	0	1	1	0	0	0	0	0	1	1	0	0	0	0	0	1	0	0	0	0	0	0	1	0	0	1	1	0	1	1	1	1	1	103	-78	65	
973	973	1	1	1	0	1	0	1	1	1	1	1	1	0	1	0	0	0	0	0	1	0	0	0	0	0	0	1	0	0	1	1	0	1	1	1	1	1	-41	-78	65	
974	974	1	1	1	1	0	1	1	0	0	0	0	0	1	0	1	1	0	1	0	1	0	0	0	0	0	1	1	1	1	1	1	0	1	1	1	1	1	111	-65	86	
975	975	0	0	0	0	1	1	1	1	1	1	1	1	0	0	1	1	0	1	0	1	0	0	0	0	0	1	1	1	1	1	1	0	1	1	1	1	1	-16	-65	86	
976	976	0	1	0	0	1	1	1	0	0	0	0	0	1	1	1	1	0	0	1	1	0	0	0	0	0	1	1	1	0	1	0	1	1	1	1	1	1	114	-41	103	
977	977	1	1	1	0	0	0	0	0	0	0	0	0	0	1	1	1	0	0	1	1	0	0	0	0	0	1	1	1	0	1	0	1	1	1	1	1	1	7	-41	103	
978	978	1	0	0	1	0	1	1	0	0	0	0	0	1	1	1	1	1	0	1	1	0	0	0	0	0	0	0	0	0	1	1	1	1	1	1	1	1	105	-16	111	
979	979	1	1	0	0	0	1	0	0	0	0	0	0	0	1	1	1	1	0	1	1	0	0	0	0	0	0	0	0	0	1	1	1	1	1	1	1	1	35	-16	111	
980	980	0	0	0	1	1	0	1	0	0	0	0	0	1	0	1	0	0	1	1	1	0	0	0	0	0	1	1	1	0	0	0	0	0	0	0	0	0	88	7	114	
981	981	0	1	1	0	1	1	0	0	0	0	0	0	0	0	1	0	0	1	1	1	0	0	0	0	0	1	1	1	0	0	0	0	0	0	0	0	0	54	7	114	
982	982	1	1	0	0	0	0	1	0	0	0	0	0	1	1	0	0	1	0	1	1	0	0	0	0	0	1	1	0	0	0	1	0	0	0	0	0	0	67	35	105	
983	983	1	0	1	0	0	0	1	0	0	0	0	0	0	1	0	0	1	0	1	1	0	0	0	0	0	1	1	0	0	0	1	0	0	0	0	0	0	69	35	105	
984	984	1	1	0	1	0	1	0	0	0	0	0	0	1	0	0	0	1	1	0	1	0	0	0	0	0	0	1	1	0	1	1	0	0	0	0	0	0	43	54	88	
985	985	1	1	1	0	0	0	1	0	0	0	0	0	0	0	0	0	1	1	0	1	0	0	0	0	0	0	1	1	0	1	1	0	0	0	0	0	0	71	54	88	
986	986	0	1	1	1	0	0	0	0	0	0	0	0	1	1	1	0	0	0	0	1	0	0	0	0	0	1	0	1	0	0	0	1	0	0	0	0	0	14	69	67	
987	987	1	1	1	0	0	0	1	0	0	0	0	0	0	1	1	0	0	0	0	1	0	0	0	0	0	1	0	1	0	0	0	1	0	0	0	0	0	71	69	67	
988	988	1	0	0	1	1	1	1	1	1	1	1	1	1	1	1	0	1	0	1	0	0	0	0	0	0	1	1	1	0	0	0	1	0	0	0	0	0	-7	71	43	
989	989	0	1	1	1	1	1	0	0	0	0	0	0	0	1	1	0	1	0	1	0	0	0	0	0	0	1	1	1	0	0	0	1	0	0	0	0	0	62	71	43	
990	990	0	0	1	0	0	1	1	1	1	1	1	1	1	0	1	1	1	0	0	0	0	0	0	0	0	1	1	1	0	0	0	1	0	0	0	0	0	-28	71	14	
991	991	0	1	0	1	0	1	0	0	0	0	0	0	0	0	1	1	1	0	0	0	0	0	0	0	0	1	1	1	0	0	0	1	0	0	0	0	0	42	71	14	
992	992	1	1	1	0	1	0	1	1	1	1	1	1	1	1	0	0	1	1	1	1	1	1	1	1	1	0	1	1	1	1	1	0	0	0	0	0	0	-41	62	-7	
993	993	1	1	0	0	1	0	0	0	0	0	0	0	0	1	0	0	1	1	1	1	1	1	1	1	1	0	1	1	1	1	1	0	0	0	0	0	0	19	62	-7	
994	994	1	1	1	1	0	0	1	1	1	1	1	1	1	0	0	1	0	0	1	1	1	1	1	1	1	0	1	0	1	0	1	0	0	0	0	0	0	-49	42	-28	
995	995	0	0	0	1	1	1	1	1	1	1	1	1	0	0	0	1	0	0	1	1	1	1	1	1	1	0	1	0	1	0	1	0	0	0	0	0	0	-8	42	-28	
996	996	1	1	1	1	0	0	1	1	1	1	1	1	1	1	1	1	0	1	0	1	1	1	1	1	1	1	1	0	0	1	0	0	0	0	0	0	0	-49	19	-41	
997	997	0	1	0	0	0	1	1	1	1	1	1	1	0	1	1	1	0	1	0	1	1	1	1	1	1	1	1	0	0	1	0	0	0	0	0	0	0	-30	19	-41	
998	998	0	1	0	0	1	0	1	1	1	1	1	1	1	1	1	1	1	0	0	1	1	1	1	1	1	0	0	0	1	1	1	1	1	1	1	1	1	-46	-8	-49	
999	999	0	0	1	1	0	0	1	1	1	1	1	1	0	1	1	1	1	0	0	1	1	1	1	1	1	0	0	0	1	1	1	1	1	1	1	1	1	-52	-8	-49	
1000	1000	0	0	0	0	0	1	1	1	1	1	1	1	1	1	1	1	1	0	0	1	1	1	1	1	1	0	1	0	0	0	1	1	1	1	1	1	1	-32	-30	-49	
1001	1001	0	0	0	1	1	1	0	1	1	1	1	1	0	1	1	1	1	0	0	1	1	1	1	1	1	0	1	0	0	0	1	1	1	1	1	1	1	-72	-30	-49	
1002	1002	0	0	1	0	1	1	1	1	1	1	1	1	1	0	1	0	0	1	0	1	1	1	1	1	1	0	0	1	1	0	0	1	1	1	1	1	1	-12	-52	-46	
1003	1003	1	0	0	1	0	1	0	1	1	1	1	1	0	0	1	0	0	1	0	1	1	1	1	1	1	0	0	1	1	0	0	1	1	1	1	1	1	-87	-52	-46	
1004	1004	1	1	0	1	0	0	0	0	0	0	0	0	1	0	0	0	0	0	1	1	1	1	1	1	1	0	0	0	1	1	1	0	1	1	1	1	1	11	-72	-32	
1005	1005	1	1	1	0	0	1	0	1	1	1	1	1	0	0	0	0	0	0	1	1	1	1	1	1	1	0	0	0	1	1	1	0	1	1	1	1	1	-89	-72	-32	
1006	1006	1	0	1	0	0	1	0	0	0	0	0	0	1	0	0	1	0	1	1	1	1	1	1	1	1	1	0	0	1	0	1	0	1	1	1	1	1	37	-87	-12	
1007	1007	1	1	1	0	0	1	0	1	1	1	1	1	0	0	0	1	0	1	1	1	1	1	1	1	1	1	0	0	1	0	1	0	1	1	1	1	1	-89	-87	-12	
1008	1008	1	0	1	1	1	1	0	0	0	0	0	0	1	1	1	0	1	0	0	0	0	0	0	0	0	1	1	1	0	0	1	0	1	1	1	1	1	61	-89	11	
1009	1009	1	0	0	0	1	1	0	1	1	1	1	1	0	1	1	0	1	0	0	0	0	0	0	0	0	1	1	1	0	0	1	0	1	1	1	1	1	-79	-89	11	
1010	1010	0	0	1	0	1	0	1	0	0	0	0	0	1	1	0	1	0	0	1	0	0	0	0	0	0	1	1	1	0	0	1	0	1	1	1	1	1	84	-89	37	
1011	1011	0	1	1	1	1	1	0	1	1	1	1	1	0	1	0	1	0	0	1	0	0	0	0	0	0	1	1	1	0	0	1	0	1	1	1	1	1	-66	-89	37	
1012	1012	1	0	0	1	0	1	1	0	0	0	0	0	1	1	0	1	1	1	1	0	0	0	0	0	0	1	0	0	0	1	1	0	1	1	1	1	1	105	-79	61	
1013	1013	0	1	1	0	1	0	1	1	1	1	1	1	0	1	0	1	1	1	1	0	0	0	0	0	0	1	0	0	0	1	1	0	1	1	1	1	1	-42	-79	61	
1014	1014	0	1	1	1	0	1	1	0	0	0	0	0	1	0	0	1	0	1	0	1	0	0	0	0	0	0	1	1	1	1	1	0	1	1	1	1	1	110	-66	84	
1015	1015	1	0	1	1	0	1	1	1	1	1	1	1	0	0	0	1	0	1	0	1	0	0	0	0	0	0	1	1	1	1	1	0	1	1	1	1	1	-19	-66	84	
1016	1016	1	0	0	0	1	1	1	0	0	0	0	0	1	1	0	0	1	0	1	1	0	0	0	0	0	0	1	1	0	1	0	1	1	1	1	1	1	113	-42	105	
1017	1017	0	0	0	1	0	0	0	0	0	0	0	0	0	1	0	0	1	0	1	1	0	0	0	0	0	0	1	1	0	1	0	1	1	1	1	1	1	8	-42	105	
1018	1018	1	1	1	0	0	1	1	0	0	0	0	0	1	0	1	1	1	0	1	1	0	0	0	0	0	1	0	1	1	0	1	1	1	1	1	1	1	103	-19	110	
1019	1019	0	0	0	0	0	1	0	0	0	0	0	0	0	0	1	1	1	0	1	1	0	0	0	0	0	1	0	1	1	0	1	1	1	1	1	1	1	32	-19	110	
1020	1020	0	0	1	1	1	0	1	0	0	0	0	0	1	1	0	0	0	1	1	1	0	0	0	0	0	0	0	0	1	0	0	0	0	0	0	0	0	92	8	113	
1021	1021	1	1	0	0	1	1	0	0	0	0	0	0	0	1	0	0	0	1	1	1	0	0	0	0	0	0	0	0	1	0	0	0	0	0	0	0	0	51	8	113	
1022	1022	1	0	0	1	0	0	1	0	0	0	0	0	1	1	1	1	0	0	1	1	0	0	0	0	0	0	0	0	0	0	1	0	0	0	0	0	0	73	32	103	
1023	1023	1	0	0	0	0	0	1	0	0	0	0	0	0	1	1	1	0	0	1	1	0	0	0	0	0	0	0	0	0	0	1	0	0	0	0	0	0	65	32	103	
