Sample in Buffer	Sample in Window	trig0/data0	trig1/data1
0	0	0	25	
1	1	-1	29	
2	2	1	28	
3	3	-1	29	
4	4	3	24	
5	5	-1	29	
6	6	4	27	
7	7	1	27	
8	8	3	27	
9	9	1	27	
10	10	1	26	
11	11	4	29	
12	12	2	28	
13	13	1	24	
14	14	1	29	
15	15	2	28	
16	16	0	31	
17	17	-1	27	
18	18	1	28	
19	19	0	28	
20	20	4	27	
21	21	2	30	
22	22	3	29	
23	23	2	29	
24	24	1	27	
25	25	-1	29	
26	26	1	27	
27	27	2	31	
28	28	1	27	
29	29	3	29	
30	30	2	28	
31	31	1	29	
32	32	1	28	
33	33	4	30	
34	34	1	27	
35	35	-1	28	
36	36	4	27	
37	37	3	29	
38	38	-1	28	
39	39	2	31	
40	40	4	29	
41	41	4	29	
42	42	2	24	
43	43	3	27	
44	44	2	28	
45	45	2	26	
46	46	6	28	
47	47	2	29	
48	48	6	29	
49	49	1	29	
50	50	3	28	
51	51	-1	31	
52	52	6	29	
53	53	6	29	
54	54	3	28	
55	55	4	29	
56	56	4	30	
57	57	4	28	
58	58	3	30	
59	59	4	31	
60	60	5	29	
61	61	3	29	
62	62	4	32	
63	63	4	31	
64	64	5	32	
65	65	2	29	
66	66	3	29	
67	67	2	27	
68	68	5	28	
69	69	4	29	
70	70	4	28	
71	71	1	29	
72	72	2	32	
73	73	6	29	
74	74	4	28	
75	75	2	32	
76	76	2	29	
77	77	-1	28	
78	78	2	29	
79	79	4	29	
80	80	1	29	
81	81	3	29	
82	82	2	28	
83	83	2	29	
84	84	2	28	
85	85	1	27	
86	86	0	28	
87	87	2	29	
88	88	6	29	
89	89	2	27	
90	90	1	28	
91	91	2	29	
92	92	1	28	
93	93	1	29	
94	94	1	29	
95	95	1	27	
96	96	0	28	
97	97	1	28	
98	98	0	28	
99	99	-1	28	
100	100	1	29	
101	101	-1	29	
102	102	1	29	
103	103	1	29	
104	104	-1	29	
105	105	2	25	
106	106	-1	29	
107	107	1	28	
108	108	4	28	
109	109	-1	29	
110	110	-1	29	
111	111	-1	24	
112	112	1	29	
113	113	-1	28	
114	114	-1	24	
115	115	1	29	
116	116	-1	29	
117	117	-2	27	
118	118	2	29	
119	119	1	27	
120	120	2	24	
121	121	-1	27	
122	122	4	27	
123	123	-1	28	
124	124	3	28	
125	125	1	28	
126	126	1	28	
127	127	1	27	
128	128	2	28	
129	129	-1	28	
130	130	4	28	
131	131	-2	28	
132	132	2	32	
133	133	2	29	
134	134	4	29	
135	135	4	27	
136	136	5	29	
137	137	3	29	
138	138	7	30	
139	139	1	29	
140	140	5	32	
141	141	6	31	
142	142	2	31	
143	143	5	32	
144	144	5	32	
145	145	5	32	
146	146	3	29	
147	147	5	30	
148	148	6	32	
149	149	3	31	
150	150	3	31	
151	151	6	29	
152	152	6	29	
153	153	6	29	
154	154	6	28	
155	155	5	31	
156	156	6	29	
157	157	7	32	
158	158	5	29	
159	159	7	30	
160	160	6	29	
161	161	7	32	
162	162	4	29	
163	163	6	29	
164	164	3	29	
165	165	6	29	
166	166	6	29	
167	167	4	28	
168	168	4	29	
169	169	3	29	
170	170	3	29	
171	171	1	29	
172	172	-1	29	
173	173	1	27	
174	174	1	28	
175	175	2	28	
176	176	-1	27	
177	177	1	27	
178	178	-1	29	
179	179	-1	27	
180	180	-1	24	
181	181	1	28	
182	182	-1	28	
183	183	-1	26	
184	184	-1	26	
185	185	1	28	
186	186	-1	27	
187	187	1	27	
188	188	2	28	
189	189	-1	28	
190	190	0	24	
191	191	-2	29	
192	192	2	28	
193	193	-1	28	
194	194	2	29	
195	195	-1	27	
196	196	2	28	
197	197	1	28	
198	198	2	29	
199	199	-1	29	
200	200	-1	28	
201	201	1	29	
202	202	-1	28	
203	203	-1	29	
204	204	1	28	
205	205	1	29	
206	206	4	27	
207	207	3	29	
208	208	4	28	
209	209	4	30	
210	210	4	28	
211	211	5	29	
212	212	4	29	
213	213	4	29	
214	214	7	32	
215	215	4	32	
216	216	4	29	
217	217	6	31	
218	218	2	29	
219	219	5	32	
220	220	2	27	
221	221	9	32	
222	222	6	28	
223	223	4	29	
224	224	4	30	
225	225	2	34	
226	226	5	27	
227	227	4	32	
228	228	6	31	
229	229	6	29	
230	230	7	29	
231	231	7	29	
232	232	4	32	
233	233	5	29	
234	234	5	29	
235	235	4	29	
236	236	1	29	
237	237	5	28	
238	238	1	30	
239	239	2	27	
240	240	0	29	
241	241	6	27	
242	242	3	29	
243	243	3	28	
244	244	1	28	
245	245	4	28	
246	246	1	29	
247	247	1	31	
248	248	-1	27	
249	249	2	27	
250	250	1	28	
251	251	2	29	
252	252	0	29	
253	253	1	27	
254	254	4	26	
255	255	0	28	
256	256	2	27	
257	257	-1	24	
258	258	3	28	
259	259	-1	27	
260	260	1	29	
261	261	-3	27	
262	262	3	29	
263	263	1	24	
264	264	1	24	
265	265	-3	27	
266	266	0	24	
267	267	-1	24	
268	268	-1	28	
269	269	-3	27	
270	270	-1	27	
271	271	-1	27	
272	272	1	24	
273	273	-2	29	
274	274	0	24	
275	275	-1	26	
276	276	-1	26	
277	277	-1	24	
278	278	-1	27	
279	279	-1	28	
280	280	-1	24	
281	281	0	29	
282	282	-1	27	
283	283	1	27	
284	284	-1	27	
285	285	-1	26	
286	286	-1	27	
287	287	2	28	
288	288	1	30	
289	289	3	24	
290	290	3	32	
291	291	4	28	
292	292	4	30	
293	293	4	28	
294	294	5	28	
295	295	5	29	
296	296	5	28	
297	297	7	29	
298	298	5	29	
299	299	7	29	
300	300	6	29	
301	301	7	29	
302	302	5	31	
303	303	7	29	
304	304	5	32	
305	305	5	32	
306	306	7	29	
307	307	7	29	
308	308	7	32	
309	309	6	29	
310	310	7	32	
311	311	3	31	
312	312	7	32	
313	313	7	28	
314	314	6	31	
315	315	7	30	
316	316	7	29	
317	317	7	29	
318	318	6	29	
319	319	7	29	
320	320	5	29	
321	321	6	30	
322	322	6	29	
323	323	4	32	
324	324	4	29	
325	325	5	29	
326	326	4	27	
327	327	4	29	
328	328	5	29	
329	329	4	30	
330	330	4	27	
331	331	1	28	
332	332	4	29	
333	333	1	31	
334	334	4	28	
335	335	2	28	
336	336	4	27	
337	337	-1	29	
338	338	3	29	
339	339	1	24	
340	340	-1	27	
341	341	-2	27	
342	342	2	28	
343	343	-1	29	
344	344	1	26	
345	345	-1	28	
346	346	-3	27	
347	347	-1	24	
348	348	-2	27	
349	349	1	24	
350	350	-2	24	
351	351	-2	24	
352	352	-2	26	
353	353	-2	24	
354	354	-3	26	
355	355	-2	26	
356	356	-1	24	
357	357	-2	26	
358	358	-3	26	
359	359	-1	27	
360	360	-4	26	
361	361	-1	27	
362	362	-1	27	
363	363	-1	27	
364	364	-2	26	
365	365	-2	26	
366	366	-1	26	
367	367	0	27	
368	368	1	28	
369	369	3	28	
370	370	2	32	
371	371	1	27	
372	372	-1	31	
373	373	4	28	
374	374	5	28	
375	375	4	29	
376	376	4	29	
377	377	4	29	
378	378	6	29	
379	379	6	27	
380	380	6	29	
381	381	4	29	
382	382	5	29	
383	383	6	29	
384	384	5	29	
385	385	7	32	
386	386	5	31	
387	387	6	29	
388	388	5	30	
389	389	4	30	
390	390	6	29	
391	391	6	32	
392	392	6	32	
393	393	7	30	
394	394	5	30	
395	395	4	29	
396	396	7	32	
397	397	5	31	
398	398	4	29	
399	399	6	32	
400	400	5	29	
401	401	5	29	
402	402	6	31	
403	403	3	28	
404	404	4	31	
405	405	2	28	
406	406	4	29	
407	407	2	28	
408	408	4	29	
409	409	2	29	
410	410	1	28	
411	411	1	27	
412	412	-1	28	
413	413	-1	29	
414	414	2	27	
415	415	2	29	
416	416	-1	24	
417	417	-1	28	
418	418	-1	29	
419	419	-2	29	
420	420	-1	24	
421	421	-1	28	
422	422	-3	26	
423	423	-1	27	
424	424	-1	27	
425	425	-1	27	
426	426	-1	26	
427	427	-3	27	
428	428	-2	26	
429	429	-1	26	
430	430	-1	26	
431	431	-3	29	
432	432	-1	26	
433	433	1	27	
434	434	0	28	
435	435	-1	27	
436	436	0	26	
437	437	-1	28	
438	438	4	29	
439	439	2	28	
440	440	3	28	
441	441	1	29	
442	442	2	29	
443	443	3	28	
444	444	1	29	
445	445	7	28	
446	446	5	28	
447	447	5	31	
448	448	4	28	
449	449	5	28	
450	450	4	32	
451	451	4	28	
452	452	6	29	
453	453	5	29	
454	454	7	29	
455	455	7	29	
456	456	5	32	
457	457	3	27	
458	458	6	29	
459	459	4	29	
460	460	4	32	
461	461	5	27	
462	462	3	29	
463	463	4	29	
464	464	5	28	
465	465	3	30	
466	466	7	27	
467	467	3	29	
468	468	5	29	
469	469	2	28	
470	470	3	30	
471	471	1	28	
472	472	4	29	
473	473	3	29	
474	474	1	29	
475	475	-1	28	
476	476	1	28	
477	477	-1	26	
478	478	4	29	
479	479	-1	26	
480	480	1	27	
481	481	-1	24	
482	482	-1	29	
483	483	-2	27	
484	484	-1	25	
485	485	0	27	
486	486	-2	27	
487	487	-1	29	
488	488	-1	26	
489	489	-1	24	
490	490	-1	24	
491	491	-3	24	
492	492	0	27	
493	493	-1	29	
494	494	1	27	
495	495	0	29	
496	496	-1	27	
497	497	1	31	
498	498	-1	24	
499	499	2	27	
500	500	-1	24	
501	501	2	29	
502	502	1	27	
503	503	2	29	
504	504	-1	27	
505	505	3	29	
506	506	1	29	
507	507	2	29	
508	508	3	29	
509	509	3	26	
510	510	4	29	
511	511	4	29	
512	512	2	32	
513	513	4	29	
514	514	0	29	
515	515	4	29	
516	516	3	29	
517	517	3	29	
518	518	3	30	
519	519	3	27	
520	520	6	31	
521	521	4	28	
522	522	5	28	
523	523	0	29	
524	524	4	29	
525	525	4	29	
526	526	1	29	
527	527	4	29	
528	528	6	29	
529	529	3	28	
530	530	2	29	
531	531	4	29	
532	532	0	29	
533	533	1	29	
534	534	1	29	
535	535	-2	28	
536	536	4	29	
537	537	1	28	
538	538	2	26	
539	539	-1	29	
540	540	-1	27	
541	541	-1	27	
542	542	1	27	
543	543	0	27	
544	544	-1	27	
545	545	1	29	
546	546	-2	26	
547	547	1	24	
548	548	-3	27	
549	549	-1	26	
550	550	-1	28	
551	551	2	29	
552	552	-1	26	
553	553	-1	26	
554	554	-1	24	
555	555	-1	27	
556	556	-1	26	
557	557	1	29	
558	558	1	28	
559	559	-1	29	
560	560	-1	27	
561	561	-1	26	
562	562	1	28	
563	563	-1	24	
564	564	1	29	
565	565	-1	27	
566	566	4	32	
567	567	0	29	
568	568	1	29	
569	569	1	27	
570	570	2	29	
571	571	1	29	
572	572	2	29	
573	573	1	29	
574	574	4	32	
575	575	1	29	
576	576	2	28	
577	577	2	28	
578	578	2	28	
579	579	1	29	
580	580	2	27	
581	581	1	29	
582	582	0	29	
583	583	-1	29	
584	584	-1	26	
585	585	-1	29	
586	586	-1	28	
587	587	4	29	
588	588	3	28	
589	589	1	27	
590	590	1	28	
591	591	-1	27	
592	592	-1	29	
593	593	-1	31	
594	594	-1	26	
595	595	1	29	
596	596	-1	29	
597	597	-1	26	
598	598	1	27	
599	599	0	29	
600	600	-1	27	
601	601	-1	28	
602	602	-2	28	
603	603	-2	27	
604	604	-1	26	
605	605	-1	27	
606	606	-1	26	
607	607	-1	28	
608	608	-1	27	
609	609	-1	26	
610	610	-1	28	
611	611	-1	26	
612	612	1	28	
613	613	-1	27	
614	614	1	29	
615	615	-1	27	
616	616	3	29	
617	617	-1	27	
618	618	1	29	
619	619	2	29	
620	620	1	29	
621	621	-1	29	
622	622	3	32	
623	623	4	28	
624	624	3	29	
625	625	3	28	
626	626	3	28	
627	627	7	29	
628	628	2	29	
629	629	4	27	
630	630	2	29	
631	631	4	29	
632	632	5	32	
633	633	5	28	
634	634	3	31	
635	635	4	29	
636	636	2	30	
637	637	4	29	
638	638	5	32	
639	639	4	29	
640	640	7	29	
641	641	3	32	
642	642	4	32	
643	643	4	29	
644	644	-1	31	
645	645	2	28	
646	646	2	27	
647	647	1	29	
648	648	2	27	
649	649	1	32	
650	650	1	29	
651	651	2	29	
652	652	2	29	
653	653	4	30	
654	654	4	29	
655	655	-1	32	
656	656	1	28	
657	657	0	27	
658	658	1	27	
659	659	-3	28	
660	660	-2	24	
661	661	-2	26	
662	662	1	24	
663	663	-2	27	
664	664	-2	24	
665	665	-1	27	
666	666	-3	24	
667	667	-3	26	
668	668	-3	28	
669	669	-3	26	
670	670	-2	24	
671	671	-3	24	
672	672	-4	24	
673	673	-3	27	
674	674	-3	24	
675	675	-3	23	
676	676	-4	24	
677	677	-3	24	
678	678	-4	27	
679	679	-2	24	
680	680	-3	24	
681	681	-1	24	
682	682	-3	25	
683	683	-1	27	
684	684	-2	24	
685	685	2	26	
686	686	-1	24	
687	687	-1	27	
688	688	-1	27	
689	689	1	29	
690	690	-1	26	
691	691	2	29	
692	692	1	29	
693	693	4	28	
694	694	1	29	
695	695	2	31	
696	696	4	29	
697	697	3	29	
698	698	5	31	
699	699	5	27	
700	700	6	29	
701	701	7	29	
702	702	5	29	
703	703	7	29	
704	704	6	29	
705	705	6	28	
706	706	6	31	
707	707	7	30	
708	708	5	30	
709	709	6	29	
710	710	2	31	
711	711	6	29	
712	712	1	32	
713	713	6	29	
714	714	6	32	
715	715	4	30	
716	716	6	28	
717	717	4	31	
718	718	5	29	
719	719	4	29	
720	720	5	26	
721	721	4	31	
722	722	0	28	
723	723	3	31	
724	724	3	29	
725	725	2	27	
726	726	-1	28	
727	727	1	30	
728	728	2	28	
729	729	4	29	
730	730	-1	29	
731	731	1	28	
732	732	-1	29	
733	733	1	28	
734	734	-2	27	
735	735	1	26	
736	736	-1	27	
737	737	-1	26	
738	738	-3	27	
739	739	-1	28	
740	740	-3	28	
741	741	-1	24	
742	742	-2	24	
743	743	-1	24	
744	744	-2	24	
745	745	-4	26	
746	746	-3	22	
747	747	-2	27	
748	748	-3	23	
749	749	-4	24	
750	750	-1	26	
751	751	-6	23	
752	752	-3	28	
753	753	-3	24	
754	754	-2	27	
755	755	-6	24	
756	756	-1	24	
757	757	-1	26	
758	758	-1	23	
759	759	-3	27	
760	760	1	27	
761	761	1	28	
762	762	-2	27	
763	763	2	26	
764	764	-1	26	
765	765	0	27	
766	766	1	29	
767	767	1	27	
768	768	3	30	
769	769	1	28	
770	770	4	34	
771	771	1	27	
772	772	6	31	
773	773	4	29	
774	774	4	32	
775	775	4	29	
776	776	2	29	
777	777	5	31	
778	778	5	29	
779	779	4	29	
780	780	4	28	
781	781	2	31	
782	782	5	27	
783	783	2	31	
784	784	5	32	
785	785	4	32	
786	786	4	29	
787	787	2	28	
788	788	1	28	
789	789	1	32	
790	790	3	28	
791	791	2	29	
792	792	2	29	
793	793	1	29	
794	794	1	31	
795	795	-1	27	
796	796	3	29	
797	797	-1	28	
798	798	-1	26	
799	799	1	28	
800	800	-1	28	
801	801	-1	27	
802	802	1	28	
803	803	-1	27	
804	804	1	26	
805	805	-1	26	
806	806	-1	24	
807	807	-1	24	
808	808	-4	27	
809	809	-1	27	
810	810	0	24	
811	811	-1	27	
812	812	1	29	
813	813	-2	24	
814	814	2	24	
815	815	-3	24	
816	816	-1	27	
817	817	1	24	
818	818	-3	28	
819	819	1	26	
820	820	-1	24	
821	821	-3	29	
822	822	2	28	
823	823	-5	27	
824	824	-1	24	
825	825	-1	28	
826	826	1	27	
827	827	-1	29	
828	828	1	29	
829	829	1	29	
830	830	-1	28	
831	831	-1	31	
832	832	2	29	
833	833	0	24	
834	834	2	29	
835	835	3	29	
836	836	4	29	
837	837	1	28	
838	838	2	32	
839	839	4	32	
840	840	2	30	
841	841	4	32	
842	842	3	29	
843	843	1	28	
844	844	3	30	
845	845	3	32	
846	846	4	29	
847	847	3	29	
848	848	-1	29	
849	849	1	29	
850	850	-1	29	
851	851	1	29	
852	852	-1	32	
853	853	3	27	
854	854	0	29	
855	855	-1	29	
856	856	-1	28	
857	857	-1	27	
858	858	-1	29	
859	859	0	27	
860	860	-3	26	
861	861	-2	29	
862	862	-1	28	
863	863	-1	28	
864	864	-2	29	
865	865	-6	24	
866	866	-2	27	
867	867	-1	27	
868	868	-1	27	
869	869	-1	25	
870	870	-3	29	
871	871	-3	27	
872	872	-1	26	
873	873	-1	28	
874	874	0	26	
875	875	-3	29	
876	876	-1	28	
877	877	-3	26	
878	878	-1	29	
879	879	-3	27	
880	880	-3	27	
881	881	4	28	
882	882	-1	29	
883	883	-1	29	
884	884	1	26	
885	885	0	27	
886	886	-2	24	
887	887	-3	28	
888	888	1	24	
889	889	-1	29	
890	890	0	30	
891	891	-1	29	
892	892	-1	28	
893	893	-3	29	
894	894	-1	27	
895	895	3	28	
896	896	1	29	
897	897	2	29	
898	898	1	27	
899	899	0	29	
900	900	2	27	
901	901	1	32	
902	902	1	27	
903	903	3	29	
904	904	2	29	
905	905	-1	28	
906	906	2	29	
907	907	1	32	
908	908	3	28	
909	909	1	28	
910	910	3	31	
911	911	-1	29	
912	912	2	29	
913	913	2	29	
914	914	4	27	
915	915	3	29	
916	916	3	29	
917	917	1	24	
918	918	-1	31	
919	919	1	28	
920	920	-3	29	
921	921	-1	26	
922	922	-1	29	
923	923	-1	29	
924	924	-4	28	
925	925	-1	29	
926	926	-1	27	
927	927	-3	29	
928	928	-4	28	
929	929	-4	27	
930	930	-1	27	
931	931	-3	25	
932	932	-4	28	
933	933	-3	27	
934	934	-9	24	
935	935	-2	24	
936	936	-5	24	
937	937	-2	27	
938	938	-6	26	
939	939	-3	24	
940	940	-5	24	
941	941	-1	28	
942	942	-3	26	
943	943	-4	24	
944	944	-3	24	
945	945	-3	26	
946	946	-4	27	
947	947	-1	24	
948	948	-2	27	
949	949	-1	27	
950	950	-5	29	
951	951	-1	27	
952	952	-1	25	
953	953	-1	28	
954	954	-1	29	
955	955	-1	29	
956	956	-1	29	
957	957	1	29	
958	958	-1	29	
959	959	3	29	
960	960	-1	29	
961	961	3	29	
962	962	1	30	
963	963	3	27	
964	964	3	27	
965	965	3	29	
966	966	4	32	
967	967	1	29	
968	968	3	32	
969	969	2	32	
970	970	6	29	
971	971	4	31	
972	972	5	28	
973	973	6	28	
974	974	4	32	
975	975	4	29	
976	976	6	29	
977	977	1	28	
978	978	6	32	
979	979	2	28	
980	980	6	29	
981	981	-1	32	
982	982	3	29	
983	983	1	29	
984	984	3	29	
985	985	-1	29	
986	986	4	29	
987	987	-1	29	
988	988	2	29	
989	989	1	29	
990	990	1	27	
991	991	-1	28	
992	992	-1	28	
993	993	-1	27	
994	994	-1	29	
995	995	-1	27	
996	996	1	28	
997	997	1	26	
998	998	-3	27	
999	999	-6	26	
1000	1000	-1	26	
1001	1001	-5	26	
1002	1002	-4	26	
1003	1003	-3	27	
1004	1004	-4	24	
1005	1005	-5	24	
1006	1006	-1	24	
1007	1007	-4	24	
1008	1008	-4	27	
1009	1009	-4	27	
1010	1010	-3	24	
1011	1011	-4	26	
1012	1012	-1	27	
1013	1013	-5	24	
1014	1014	-1	24	
1015	1015	-1	24	
1016	1016	-1	28	
1017	1017	-4	28	
1018	1018	-1	24	
1019	1019	-1	27	
1020	1020	-3	29	
1021	1021	-2	28	
1022	1022	-1	27	
1023	1023	-1	29	
1024	1024	1	27	
1025	1025	1	29	
1026	1026	2	28	
1027	1027	3	29	
1028	1028	2	27	
1029	1029	4	29	
1030	1030	2	29	
1031	1031	5	28	
1032	1032	4	29	
1033	1033	6	27	
1034	1034	3	31	
1035	1035	7	32	
1036	1036	4	32	
1037	1037	1	28	
1038	1038	2	32	
1039	1039	4	32	
1040	1040	2	29	
1041	1041	4	31	
1042	1042	4	29	
1043	1043	6	31	
1044	1044	4	29	
1045	1045	3	29	
1046	1046	3	29	
1047	1047	4	29	
1048	1048	2	30	
1049	1049	1	29	
1050	1050	1	29	
1051	1051	1	30	
1052	1052	-1	28	
1053	1053	1	32	
1054	1054	-1	29	
1055	1055	0	28	
1056	1056	-1	28	
1057	1057	-1	29	
1058	1058	1	28	
1059	1059	-1	27	
1060	1060	-1	29	
1061	1061	-1	26	
1062	1062	-4	24	
1063	1063	-2	27	
1064	1064	-3	24	
1065	1065	-2	27	
1066	1066	-4	25	
1067	1067	-4	27	
1068	1068	-3	24	
1069	1069	-3	24	
1070	1070	-5	24	
1071	1071	-4	26	
1072	1072	-3	24	
1073	1073	-4	27	
1074	1074	-3	26	
1075	1075	-5	27	
1076	1076	-3	23	
1077	1077	-5	24	
1078	1078	-3	27	
1079	1079	-6	27	
1080	1080	-4	26	
1081	1081	-3	21	
1082	1082	-3	27	
1083	1083	-4	26	
1084	1084	-1	28	
1085	1085	-1	24	
1086	1086	-3	27	
1087	1087	-4	24	
1088	1088	-1	29	
1089	1089	-1	26	
1090	1090	-1	28	
1091	1091	-1	28	
1092	1092	-2	29	
1093	1093	-1	29	
1094	1094	1	27	
1095	1095	0	29	
1096	1096	-1	27	
1097	1097	1	32	
1098	1098	1	27	
1099	1099	2	29	
1100	1100	2	28	
1101	1101	4	32	
1102	1102	2	31	
1103	1103	2	29	
1104	1104	1	29	
1105	1105	4	29	
1106	1106	2	32	
1107	1107	7	29	
1108	1108	1	27	
1109	1109	6	31	
1110	1110	1	29	
1111	1111	2	32	
1112	1112	2	29	
1113	1113	4	29	
1114	1114	0	29	
1115	1115	2	31	
1116	1116	2	29	
1117	1117	2	29	
1118	1118	3	27	
1119	1119	1	28	
1120	1120	-1	29	
1121	1121	-1	28	
1122	1122	1	28	
1123	1123	2	28	
1124	1124	-2	24	
1125	1125	1	29	
1126	1126	-1	27	
1127	1127	-1	29	
1128	1128	-1	29	
1129	1129	-3	29	
1130	1130	-2	26	
1131	1131	-1	26	
1132	1132	-3	27	
1133	1133	-3	27	
1134	1134	-4	26	
1135	1135	-1	27	
1136	1136	-5	24	
1137	1137	-4	26	
1138	1138	-3	24	
1139	1139	-4	24	
1140	1140	-3	24	
1141	1141	-4	24	
1142	1142	-5	27	
1143	1143	-5	24	
1144	1144	-4	24	
1145	1145	-5	24	
1146	1146	-3	24	
1147	1147	-5	24	
1148	1148	-3	27	
1149	1149	-3	24	
1150	1150	-4	24	
1151	1151	-5	26	
1152	1152	-4	27	
1153	1153	-3	24	
1154	1154	-4	27	
1155	1155	-3	26	
1156	1156	-3	24	
1157	1157	-3	27	
1158	1158	-1	29	
1159	1159	-6	27	
1160	1160	-1	27	
1161	1161	-1	29	
1162	1162	-1	25	
1163	1163	-1	28	
1164	1164	-1	27	
1165	1165	-1	30	
1166	1166	-1	29	
1167	1167	1	32	
1168	1168	-1	28	
1169	1169	1	27	
1170	1170	-1	32	
1171	1171	-1	30	
1172	1172	2	27	
1173	1173	1	29	
1174	1174	2	27	
1175	1175	3	29	
1176	1176	1	29	
1177	1177	1	31	
1178	1178	4	31	
1179	1179	4	32	
1180	1180	7	28	
1181	1181	1	31	
1182	1182	3	29	
1183	1183	1	29	
1184	1184	5	32	
1185	1185	2	27	
1186	1186	5	31	
1187	1187	3	27	
1188	1188	2	29	
1189	1189	0	32	
1190	1190	3	29	
1191	1191	-1	29	
1192	1192	2	28	
1193	1193	1	29	
1194	1194	4	28	
1195	1195	-1	29	
1196	1196	-1	30	
1197	1197	0	27	
1198	1198	-1	29	
1199	1199	-1	29	
1200	1200	-1	29	
1201	1201	-1	26	
1202	1202	-1	27	
1203	1203	-1	24	
1204	1204	-1	29	
1205	1205	-4	21	
1206	1206	-3	26	
1207	1207	-1	22	
1208	1208	-4	24	
1209	1209	-2	24	
1210	1210	-1	26	
1211	1211	-4	25	
1212	1212	-5	24	
1213	1213	-4	27	
1214	1214	-4	27	
1215	1215	-3	24	
1216	1216	-1	28	
1217	1217	-4	24	
1218	1218	0	24	
1219	1219	-6	24	
1220	1220	-4	28	
1221	1221	-4	26	
1222	1222	0	28	
1223	1223	-4	26	
1224	1224	-1	26	
1225	1225	-4	27	
1226	1226	-3	28	
1227	1227	-2	28	
1228	1228	-3	26	
1229	1229	-1	29	
1230	1230	-1	28	
1231	1231	-1	26	
1232	1232	-1	31	
1233	1233	-3	29	
1234	1234	-1	32	
1235	1235	0	29	
1236	1236	-1	29	
1237	1237	1	29	
1238	1238	-1	29	
1239	1239	1	29	
1240	1240	0	29	
1241	1241	1	28	
1242	1242	3	29	
1243	1243	4	32	
1244	1244	3	29	
1245	1245	-1	29	
1246	1246	1	27	
1247	1247	2	31	
1248	1248	-1	30	
1249	1249	6	27	
1250	1250	1	30	
1251	1251	3	29	
1252	1252	-1	32	
1253	1253	1	28	
1254	1254	2	31	
1255	1255	2	27	
1256	1256	-1	29	
1257	1257	-1	27	
1258	1258	3	32	
1259	1259	-1	24	
1260	1260	0	27	
1261	1261	-1	28	
1262	1262	-3	29	
1263	1263	-2	28	
1264	1264	-1	28	
1265	1265	-3	27	
1266	1266	-2	29	
1267	1267	-1	26	
1268	1268	-3	29	
1269	1269	-1	24	
1270	1270	-6	24	
1271	1271	-3	27	
1272	1272	-3	28	
1273	1273	-1	28	
1274	1274	-1	28	
1275	1275	-1	29	
1276	1276	-1	27	
1277	1277	-4	26	
1278	1278	-1	24	
1279	1279	-1	25	
1280	1280	-2	28	
1281	1281	-2	24	
1282	1282	-3	26	
1283	1283	-1	27	
1284	1284	-1	27	
1285	1285	-1	26	
1286	1286	-3	28	
1287	1287	-1	27	
1288	1288	-1	27	
1289	1289	-3	24	
1290	1290	-1	26	
1291	1291	-1	27	
1292	1292	-1	28	
1293	1293	-2	28	
1294	1294	-1	29	
1295	1295	-3	27	
1296	1296	2	27	
1297	1297	-1	27	
1298	1298	1	32	
1299	1299	1	27	
1300	1300	1	30	
1301	1301	1	28	
1302	1302	2	29	
1303	1303	-1	29	
1304	1304	1	29	
1305	1305	-1	29	
1306	1306	2	27	
1307	1307	4	31	
1308	1308	3	27	
1309	1309	1	27	
1310	1310	1	29	
1311	1311	-1	29	
1312	1312	2	29	
1313	1313	-1	30	
1314	1314	-1	28	
1315	1315	-1	28	
1316	1316	4	28	
1317	1317	1	31	
1318	1318	-3	29	
1319	1319	-1	29	
1320	1320	-1	28	
1321	1321	-1	29	
1322	1322	-1	27	
1323	1323	-4	29	
1324	1324	-1	27	
1325	1325	-3	28	
1326	1326	-1	30	
1327	1327	-1	27	
1328	1328	-3	28	
1329	1329	-2	27	
1330	1330	-3	26	
1331	1331	-4	24	
1332	1332	-1	27	
1333	1333	-1	29	
1334	1334	-3	26	
1335	1335	-2	28	
1336	1336	-3	29	
1337	1337	-5	24	
1338	1338	-3	26	
1339	1339	-2	24	
1340	1340	-1	29	
1341	1341	-3	26	
1342	1342	-3	27	
1343	1343	-1	26	
1344	1344	-1	24	
1345	1345	-3	27	
1346	1346	-1	27	
1347	1347	-3	27	
1348	1348	-2	27	
1349	1349	-4	26	
1350	1350	1	27	
1351	1351	-2	27	
1352	1352	-3	27	
1353	1353	-2	28	
1354	1354	-3	28	
1355	1355	0	28	
1356	1356	-1	28	
1357	1357	-1	24	
1358	1358	-1	28	
1359	1359	1	28	
1360	1360	-3	29	
1361	1361	-1	27	
1362	1362	1	28	
1363	1363	-1	28	
1364	1364	-1	29	
1365	1365	1	29	
1366	1366	-1	29	
1367	1367	-2	27	
1368	1368	-1	28	
1369	1369	1	29	
1370	1370	-1	29	
1371	1371	1	30	
1372	1372	1	28	
1373	1373	-1	31	
1374	1374	0	26	
1375	1375	-1	28	
1376	1376	1	28	
1377	1377	-1	30	
1378	1378	-1	28	
1379	1379	-1	29	
1380	1380	3	28	
1381	1381	-1	28	
1382	1382	-1	27	
1383	1383	-1	29	
1384	1384	-1	28	
1385	1385	-1	29	
1386	1386	2	27	
1387	1387	-1	27	
1388	1388	-2	28	
1389	1389	-2	28	
1390	1390	-1	27	
1391	1391	-1	28	
1392	1392	-1	28	
1393	1393	-1	29	
1394	1394	-3	27	
1395	1395	-1	29	
1396	1396	-2	28	
1397	1397	-1	30	
1398	1398	-2	26	
1399	1399	-1	27	
1400	1400	-2	27	
1401	1401	-1	28	
1402	1402	-3	29	
1403	1403	-1	28	
1404	1404	-4	30	
1405	1405	-1	29	
1406	1406	-3	27	
1407	1407	-2	29	
1408	1408	-1	26	
1409	1409	-1	27	
1410	1410	2	29	
1411	1411	-1	28	
1412	1412	-1	27	
1413	1413	-1	28	
1414	1414	-2	27	
1415	1415	-2	29	
1416	1416	-3	28	
1417	1417	-1	29	
1418	1418	-1	28	
1419	1419	-1	28	
1420	1420	-1	29	
1421	1421	0	29	
1422	1422	-1	26	
1423	1423	-4	31	
1424	1424	-1	28	
1425	1425	-1	29	
1426	1426	-1	27	
1427	1427	-2	29	
1428	1428	-1	29	
1429	1429	-1	27	
1430	1430	-1	28	
1431	1431	1	27	
1432	1432	0	29	
1433	1433	-1	26	
1434	1434	-1	29	
1435	1435	-1	26	
1436	1436	-1	29	
1437	1437	-1	29	
1438	1438	1	29	
1439	1439	-1	29	
1440	1440	0	28	
1441	1441	-3	28	
1442	1442	-1	32	
1443	1443	-2	24	
1444	1444	-1	29	
1445	1445	1	24	
1446	1446	-1	27	
1447	1447	-1	27	
1448	1448	-1	29	
1449	1449	-1	29	
1450	1450	-3	28	
1451	1451	-1	24	
1452	1452	-1	25	
1453	1453	-1	28	
1454	1454	-1	26	
1455	1455	-1	24	
1456	1456	-3	27	
1457	1457	-4	26	
1458	1458	-2	28	
1459	1459	-3	29	
1460	1460	-2	27	
1461	1461	-3	27	
1462	1462	-3	28	
1463	1463	-1	27	
1464	1464	-1	27	
1465	1465	-1	28	
1466	1466	-1	27	
1467	1467	-1	28	
1468	1468	-2	24	
1469	1469	-1	25	
1470	1470	-1	27	
1471	1471	-1	28	
1472	1472	-1	27	
1473	1473	1	27	
1474	1474	-1	26	
1475	1475	2	31	
1476	1476	-1	27	
1477	1477	-1	29	
1478	1478	2	28	
1479	1479	-1	27	
1480	1480	2	29	
1481	1481	1	28	
1482	1482	1	28	
1483	1483	0	29	
1484	1484	1	29	
1485	1485	1	29	
1486	1486	-1	24	
1487	1487	0	29	
1488	1488	-1	26	
1489	1489	5	27	
1490	1490	0	28	
1491	1491	1	24	
1492	1492	1	28	
1493	1493	-1	27	
1494	1494	1	29	
1495	1495	-1	27	
1496	1496	0	31	
1497	1497	-1	27	
1498	1498	-2	29	
1499	1499	-1	28	
1500	1500	-1	29	
1501	1501	-1	24	
1502	1502	-1	29	
1503	1503	-1	24	
1504	1504	-1	29	
1505	1505	-1	27	
1506	1506	-3	26	
1507	1507	-3	27	
1508	1508	-3	26	
1509	1509	-3	24	
1510	1510	-4	24	
1511	1511	-3	24	
1512	1512	-2	27	
1513	1513	-5	26	
1514	1514	-4	24	
1515	1515	-3	28	
1516	1516	-5	26	
1517	1517	-3	27	
1518	1518	-3	24	
1519	1519	-6	24	
1520	1520	-3	24	
1521	1521	-5	24	
1522	1522	-4	24	
1523	1523	-3	23	
1524	1524	-3	24	
1525	1525	-3	29	
1526	1526	-4	26	
1527	1527	-4	24	
1528	1528	-2	26	
1529	1529	-5	24	
1530	1530	-1	26	
1531	1531	-1	28	
1532	1532	-2	24	
1533	1533	-7	24	
1534	1534	-1	24	
1535	1535	-2	25	
1536	1536	-2	24	
1537	1537	-5	24	
1538	1538	-2	27	
1539	1539	-4	27	
1540	1540	-1	27	
1541	1541	-3	28	
1542	1542	-4	28	
1543	1543	0	24	
1544	1544	-1	27	
1545	1545	-3	24	
1546	1546	-3	27	
1547	1547	-1	27	
1548	1548	-1	27	
1549	1549	-3	28	
1550	1550	-1	28	
1551	1551	-1	26	
1552	1552	-1	28	
1553	1553	1	27	
1554	1554	-1	26	
1555	1555	-1	28	
1556	1556	-1	28	
1557	1557	-1	29	
1558	1558	-1	28	
1559	1559	-1	29	
1560	1560	1	24	
1561	1561	-1	26	
1562	1562	1	27	
1563	1563	-2	27	
1564	1564	-3	27	
1565	1565	3	28	
1566	1566	-1	27	
1567	1567	-1	29	
1568	1568	1	28	
1569	1569	0	29	
1570	1570	1	27	
1571	1571	2	27	
1572	1572	0	28	
1573	1573	1	29	
1574	1574	0	30	
1575	1575	1	28	
1576	1576	0	27	
1577	1577	1	27	
1578	1578	0	26	
1579	1579	1	29	
1580	1580	1	27	
1581	1581	1	29	
1582	1582	0	28	
1583	1583	-1	28	
1584	1584	1	28	
1585	1585	-1	29	
1586	1586	-1	28	
1587	1587	-1	28	
1588	1588	-2	24	
1589	1589	-2	24	
1590	1590	-1	27	
1591	1591	-2	24	
1592	1592	-4	24	
1593	1593	-2	24	
1594	1594	-6	27	
1595	1595	-3	23	
1596	1596	-4	24	
1597	1597	-3	24	
1598	1598	-4	24	
1599	1599	-7	24	
1600	1600	-4	21	
1601	1601	-3	24	
1602	1602	-5	24	
1603	1603	-6	24	
1604	1604	-6	21	
1605	1605	-4	23	
1606	1606	-3	24	
1607	1607	-4	26	
1608	1608	-4	24	
1609	1609	-6	23	
1610	1610	-4	24	
1611	1611	-4	24	
1612	1612	-4	24	
1613	1613	-4	23	
1614	1614	-5	26	
1615	1615	-1	24	
1616	1616	-4	26	
1617	1617	-1	24	
1618	1618	-4	27	
1619	1619	-2	24	
1620	1620	-6	24	
1621	1621	-4	27	
1622	1622	-1	24	
1623	1623	-1	26	
1624	1624	-3	24	
1625	1625	-3	24	
1626	1626	1	24	
1627	1627	-1	28	
1628	1628	-1	24	
1629	1629	-1	27	
1630	1630	-1	26	
1631	1631	-3	26	
1632	1632	0	27	
1633	1633	-1	26	
1634	1634	-1	28	
1635	1635	1	26	
1636	1636	0	27	
1637	1637	1	26	
1638	1638	1	28	
1639	1639	1	26	
1640	1640	3	29	
1641	1641	-1	24	
1642	1642	2	29	
1643	1643	1	28	
1644	1644	1	29	
1645	1645	5	29	
1646	1646	0	28	
1647	1647	1	27	
1648	1648	1	28	
1649	1649	3	24	
1650	1650	1	29	
1651	1651	0	29	
1652	1652	2	28	
1653	1653	-1	24	
1654	1654	-2	29	
1655	1655	-1	26	
1656	1656	2	27	
1657	1657	-1	29	
1658	1658	-3	27	
1659	1659	-2	25	
1660	1660	-3	27	
1661	1661	-4	24	
1662	1662	-1	27	
1663	1663	-3	26	
1664	1664	-1	24	
1665	1665	-1	26	
1666	1666	-3	24	
1667	1667	-4	24	
1668	1668	-3	24	
1669	1669	-5	24	
1670	1670	-1	24	
1671	1671	-3	23	
1672	1672	-3	24	
1673	1673	-3	28	
1674	1674	-4	24	
1675	1675	-1	24	
1676	1676	-3	24	
1677	1677	-5	23	
1678	1678	-3	24	
1679	1679	-3	24	
1680	1680	-3	24	
1681	1681	-4	24	
1682	1682	-4	25	
1683	1683	-4	24	
1684	1684	-1	24	
1685	1685	-5	24	
1686	1686	-2	24	
1687	1687	-3	24	
1688	1688	-1	24	
1689	1689	-3	24	
1690	1690	-2	27	
1691	1691	-4	24	
1692	1692	-3	29	
1693	1693	-3	26	
1694	1694	-1	26	
1695	1695	-1	26	
1696	1696	-1	27	
1697	1697	-1	24	
1698	1698	-2	28	
1699	1699	1	28	
1700	1700	0	26	
1701	1701	7	28	
1702	1702	7	23	
1703	1703	-2	19	
1704	1704	1	37	
1705	1705	31	37	
1706	1706	6	0	
1707	1707	-44	13	
1708	1708	139	147	
1709	1709	687	174	
1710	1710	1205	-70	
1711	1711	1373	-302	
1712	1712	1297	-352	
1713	1713	1252	-281	
1714	1714	1336	-228	
1715	1715	1320	-317	
1716	1716	1255	-275	
1717	1717	1304	-206	
1718	1718	1407	-227	
1719	1719	1062	-475	
1720	1720	-12	-573	
1721	1721	-1030	-155	
1722	1722	-1370	368	
1723	1723	-1281	463	
1724	1724	-1097	435	
1725	1725	-1252	248	
1726	1726	-1337	451	
1727	1727	-945	655	
1728	1728	100	677	
1729	1729	1136	104	
1730	1730	1409	-472	
1731	1731	1245	-597	
1732	1732	1075	-518	
1733	1733	1203	-422	
1734	1734	1279	-603	
1735	1735	826	-776	
1736	1736	-196	-540	
1737	1737	-1041	203	
1738	1738	-1159	901	
1739	1739	-952	997	
1740	1740	-817	868	
1741	1741	-968	792	
1742	1742	-1000	997	
1743	1743	-524	1071	
1744	1744	377	589	
1745	1745	1031	-347	
1746	1746	983	-1061	
1747	1747	759	-1123	
1748	1748	649	-957	
1749	1749	799	-932	
1750	1750	781	-1144	
1751	1751	303	-1101	
1752	1752	-423	-396	
1753	1753	-795	699	
1754	1754	-591	1397	
1755	1755	-374	1392	
1756	1756	-333	1196	
1757	1757	-497	1192	
1758	1758	-455	1392	
1759	1759	-59	1264	
1760	1760	572	416	
1761	1761	761	-723	
1762	1762	471	-1387	
1763	1763	260	-1355	
1764	1764	257	-1142	
1765	1765	431	-1160	
1766	1766	378	-1349	
1767	1767	-31	-1172	
1768	1768	-511	-273	
1769	1769	-593	896	
1770	1770	-273	1541	
1771	1771	-102	1480	
1772	1772	-126	1270	
1773	1773	-287	1288	
1774	1774	-243	1479	
1775	1775	119	1279	
1776	1776	611	346	
1777	1777	657	-814	
1778	1778	316	-1444	
1779	1779	125	-1384	
1780	1780	159	-1165	
1781	1781	343	-1189	
1782	1782	303	-1376	
1783	1783	-76	-1176	
1784	1784	-518	-258	
1785	1785	-579	912	
1786	1786	-261	1549	
1787	1787	-99	1491	
1788	1788	-135	1265	
1789	1789	-304	1287	
1790	1790	-265	1474	
1791	1791	82	1279	
1792	1792	604	365	
1793	1793	703	-784	
1794	1794	397	-1421	
1795	1795	205	-1373	
1796	1796	251	-1138	
1797	1797	453	-1155	
1798	1798	430	-1337	
1799	1799	26	-1172	
1800	1800	-492	-304	
1801	1801	-665	842	
1802	1802	-396	1504	
1803	1803	-210	1464	
1804	1804	-227	1236	
1805	1805	-407	1247	
1806	1806	-379	1431	
1807	1807	-7	1280	
1808	1808	580	400	
1809	1809	753	-739	
1810	1810	469	-1403	
1811	1811	260	-1362	
1812	1812	282	-1135	
1813	1813	478	-1144	
1814	1814	441	-1333	
1815	1815	28	-1173	
1816	1816	-496	-307	
1817	1817	-665	839	
1818	1818	-407	1504	
1819	1819	-215	1464	
1820	1820	-241	1232	
1821	1821	-419	1237	
1822	1822	-401	1427	
1823	1823	-29	1272	
1824	1824	579	413	
1825	1825	772	-722	
1826	1826	511	-1387	
1827	1827	311	-1349	
1828	1828	332	-1115	
1829	1829	526	-1120	
1830	1830	511	-1307	
1831	1831	93	-1163	
1832	1832	-474	-331	
1833	1833	-721	787	
1834	1834	-502	1461	
1835	1835	-313	1429	
1836	1836	-328	1195	
1837	1837	-524	1181	
1838	1838	-524	1370	
1839	1839	-130	1253	
1840	1840	535	464	
1841	1841	851	-640	
1842	1842	646	-1325	
1843	1843	431	-1307	
1844	1844	439	-1070	
1845	1845	631	-1059	
1846	1846	637	-1248	
1847	1847	195	-1144	
1848	1848	-447	-367	
1849	1849	-780	726	
1850	1850	-598	1419	
1851	1851	-390	1405	
1852	1852	-388	1168	
1853	1853	-585	1144	
1854	1854	-589	1336	
1855	1855	-177	1240	
1856	1856	526	480	
1857	1857	884	-602	
1858	1858	724	-1286	
1859	1859	505	-1280	
1860	1860	495	-1044	
1861	1861	697	-1020	
1862	1862	703	-1208	
1863	1863	265	-1128	
1864	1864	-425	-392	
1865	1865	-821	680	
1866	1866	-681	1372	
1867	1867	-460	1371	
1868	1868	-441	1144	
1869	1869	-628	1117	
1870	1870	-636	1312	
1871	1871	-204	1236	
1872	1872	510	493	
1873	1873	900	-582	
1874	1874	738	-1280	
1875	1875	505	-1277	
1876	1876	492	-1048	
1877	1877	679	-1030	
1878	1878	681	-1224	
1879	1879	231	-1136	
1880	1880	-436	-384	
1881	1881	-810	696	
1882	1882	-660	1384	
1883	1883	-444	1381	
1884	1884	-438	1144	
1885	1885	-630	1120	
1886	1886	-644	1307	
1887	1887	-216	1234	
1888	1888	509	496	
1889	1889	903	-576	
1890	1890	758	-1265	
1891	1891	532	-1268	
1892	1892	512	-1034	
1893	1893	702	-1012	
1894	1894	713	-1200	
1895	1895	261	-1129	
1896	1896	-427	-388	
1897	1897	-818	688	
1898	1898	-675	1379	
1899	1899	-451	1379	
1900	1900	-441	1144	
1901	1901	-630	1113	
1902	1902	-643	1307	
1903	1903	-217	1232	
1904	1904	506	496	
1905	1905	908	-580	
1906	1906	770	-1266	
1907	1907	554	-1242	
1908	1908	535	-1028	
1909	1909	706	-1059	
1910	1910	751	-1162	
1911	1911	317	-1016	
1912	1912	-500	-721	
1913	1913	-1161	-533	
1914	1914	-1217	-528	
1915	1915	-1012	-611	
1916	1916	-929	-614	
1917	1917	-1081	-516	
1918	1918	-1167	-595	
1919	1919	-730	-798	
1920	1920	230	-600	
1921	1921	1113	136	
1922	1922	1279	824	
1923	1923	1084	899	
1924	1924	1031	730	
1925	1925	1105	707	
1926	1926	1095	818	
1927	1927	1044	824	
1928	1928	1041	805	
1929	1929	1038	835	
1930	1930	1017	864	
1931	1931	1004	904	
1932	1932	989	904	
1933	1933	968	858	
1934	1934	952	971	
1935	1935	927	1056	
1936	1936	927	632	
1937	1937	975	-251	
1938	1938	1060	-906	
1939	1939	1053	-912	
1940	1940	991	-704	
1941	1941	1095	-656	
1942	1942	1206	-707	
1943	1943	781	-736	
1944	1944	-148	-853	
1945	1945	-820	-996	
1946	1946	-825	-1027	
1947	1947	-609	-1013	
1948	1948	-575	-996	
1949	1949	-678	-968	
1950	1950	-625	-1054	
1951	1951	-565	-1116	
1952	1952	-705	-723	
1953	1953	-987	95	
1954	1954	-1190	728	
1955	1955	-1206	740	
1956	1956	-1145	560	
1957	1957	-1140	536	
1958	1958	-1183	604	
1959	1959	-1185	581	
1960	1960	-1177	544	
1961	1961	-1181	544	
1962	1962	-1186	544	
1963	1963	-1193	573	
1964	1964	-1187	555	
1965	1965	-1164	496	
1966	1966	-1194	588	
1967	1967	-1215	656	
1968	1968	-1059	270	
1969	1969	-747	-534	
1970	1970	-536	-1168	
1971	1971	-493	-1206	
1972	1972	-521	-995	
1973	1973	-643	-952	
1974	1974	-659	-1138	
1975	1975	-225	-1054	
1976	1976	551	-334	
1977	1977	945	693	
1978	1978	752	1309	
1979	1979	551	1272	
1980	1980	605	1093	
1981	1981	703	1109	
1982	1982	646	1187	
1983	1983	612	1165	
1984	1984	628	1138	
1985	1985	621	1160	
1986	1986	636	1180	
1987	1987	610	1173	
1988	1988	548	1152	
1989	1989	644	1183	
1990	1990	716	1213	
1991	1991	279	1067	
1992	1992	-604	744	
1993	1993	-1298	509	
1994	1994	-1351	491	
1995	1995	-1138	584	
1996	1996	-1060	611	
1997	1997	-1236	552	
1998	1998	-1297	528	
1999	1999	-838	685	
2000	2000	49	990	
2001	2001	744	1200	
2002	2002	783	1213	
2003	2003	573	1168	
2004	2004	570	1136	
2005	2005	679	1116	
2006	2006	643	1190	
2007	2007	586	1245	
2008	2008	739	848	
2009	2009	1044	-6	
2010	2010	1283	-600	
2011	2011	1271	-659	
2012	2012	1140	-488	
2013	2013	1204	-394	
2014	2014	1335	-539	
2015	2015	920	-720	
2016	2016	-157	-560	
2017	2017	-1104	56	
2018	2018	-1318	704	
2019	2019	-1139	832	
2020	2020	-1049	640	
2021	2021	-1106	560	
2022	2022	-1135	738	
2023	2023	-1108	824	
2024	2024	-1009	386	
2025	2025	-818	-454	
2026	2026	-669	-1091	
2027	2027	-684	-1114	
2028	2028	-739	-917	
2029	2029	-757	-893	
2030	2030	-746	-974	
2031	2031	-750	-955	
2032	2032	-759	-904	
2033	2033	-769	-909	
2034	2034	-810	-912	
2035	2035	-785	-931	
2036	2036	-737	-902	
2037	2037	-833	-844	
2038	2038	-900	-950	
2039	2039	-434	-988	
2040	2040	436	-468	
2041	2041	1038	502	
2042	2042	991	1186	
2043	2043	743	1181	
2044	2044	692	997	
2045	2045	861	1026	
2046	2046	882	1147	
2047	2047	372	1044	
2048	2048	-545	786	
2049	2049	-1254	584	
2050	2050	-1308	547	
2051	2051	-1140	608	
2052	2052	-1140	557	
2053	2053	-1217	436	
2054	2054	-1257	477	
2055	2055	-1271	528	
2056	2056	-1095	116	
2057	2057	-649	-656	
2058	2058	-316	-1240	
2059	2059	-260	-1254	
2060	2060	-287	-1077	
2061	2061	-346	-1122	
2062	2062	-353	-1240	
2063	2063	13	-976	
2064	2064	855	-395	
2065	2065	1479	-19	
2066	2066	1516	-1	
2067	2067	1348	-96	
2068	2068	1341	-100	
2069	2069	1416	-33	
2070	2070	1407	-32	
2071	2071	1380	-44	
2072	2072	1389	-28	
2073	2073	1394	-4	
2074	2074	1393	-3	
2075	2075	1416	-21	
2076	2076	1399	-2	
2077	2077	1359	40	
2078	2078	1418	-14	
2079	2079	1469	-64	
2080	2080	1169	224	
2081	2081	552	871	
2082	2082	108	1360	
2083	2083	55	1381	
2084	2084	159	1203	
2085	2085	295	1210	
2086	2086	254	1384	
2087	2087	-143	1140	
2088	2088	-623	200	
2089	2089	-620	-853	
2090	2090	-236	-1341	
2091	2091	-84	-1237	
2092	2092	-196	-1090	
2093	2093	-281	-1136	
2094	2094	-226	-1189	
2095	2095	-217	-1156	
2096	2096	-252	-1136	
2097	2097	-259	-1148	
2098	2098	-281	-1171	
2099	2099	-281	-1149	
2100	2100	-230	-1117	
2101	2101	-314	-1165	
2102	2102	-388	-1206	
2103	2103	-35	-968	
2104	2104	841	-448	
2105	2105	1467	-102	
2106	2106	1489	-99	
2107	2107	1335	-212	
2108	2108	1306	-197	
2109	2109	1357	-112	
2110	2110	1393	-173	
2111	2111	1407	-243	
2112	2112	1179	84	
2113	2113	655	821	
2114	2114	248	1344	
2115	2115	220	1384	
2116	2116	349	1224	
2117	2117	398	1172	
2118	2118	301	1302	
2119	2119	270	1344	
2120	2120	527	976	
2121	2121	1041	243	
2122	2122	1439	-260	
2123	2123	1438	-331	
2124	2124	1262	-214	
2125	2125	1305	-134	
2126	2126	1468	-230	
2127	2127	1090	-492	
2128	2128	-35	-576	
2129	2129	-1112	-175	
2130	2130	-1461	384	
2131	2131	-1309	544	
2132	2132	-1180	376	
2133	2133	-1228	280	
2134	2134	-1289	450	
2135	2135	-1279	538	
2136	2136	-1086	143	
2137	2137	-705	-618	
2138	2138	-423	-1196	
2139	2139	-434	-1217	
2140	2140	-537	-1044	
2141	2141	-553	-1024	
2142	2142	-535	-1098	
2143	2143	-545	-1074	
2144	2144	-571	-1043	
2145	2145	-582	-1045	
2146	2146	-585	-1052	
2147	2147	-599	-1045	
2148	2148	-601	-1043	
2149	2149	-609	-1038	
2150	2150	-609	-1040	
2151	2151	-609	-1040	
2152	2152	-612	-1030	
2153	2153	-612	-1029	
2154	2154	-609	-1028	
2155	2155	-599	-1059	
2156	2156	-601	-1037	
2157	2157	-617	-987	
2158	2158	-585	-1069	
2159	2159	-551	-1144	
2160	2160	-690	-747	
2161	2161	-989	48	
2162	2162	-1222	675	
2163	2163	-1242	717	
2164	2164	-1168	504	
2165	2165	-1153	424	
2166	2166	-1219	576	
2167	2167	-1252	620	
2168	2168	-1069	189	
2169	2169	-706	-593	
2170	2170	-457	-1203	
2171	2171	-415	-1219	
2172	2172	-441	-1032	
2173	2173	-533	-1056	
2174	2174	-566	-1164	
2175	2175	-172	-976	
2176	2176	719	-568	
2177	2177	1404	-310	
2178	2178	1433	-315	
2179	2179	1244	-396	
2180	2180	1228	-403	
2181	2181	1311	-369	
2182	2182	1299	-378	
2183	2183	1265	-393	
2184	2184	1269	-400	
2185	2185	1278	-389	
2186	2186	1302	-388	
2187	2187	1279	-392	
2188	2188	1214	-425	
2189	2189	1305	-396	
2190	2190	1378	-366	
2191	2191	952	-528	
2192	2192	22	-872	
2193	2193	-634	-1113	
2194	2194	-705	-1131	
2195	2195	-476	-1070	
2196	2196	-420	-1019	
2197	2197	-631	-1021	
2198	2198	-683	-1124	
2199	2199	-217	-1044	
2200	2200	541	-363	
2201	2201	952	658	
2202	2202	807	1304	
2203	2203	578	1280	
2204	2204	579	1059	
2205	2205	778	1040	
2206	2206	788	1229	
2207	2207	283	1157	
2208	2208	-471	452	
2209	2209	-871	-576	
2210	2210	-713	-1211	
2211	2211	-471	-1166	
2212	2212	-466	-973	
2213	2213	-636	-1020	
2214	2214	-660	-1134	
2215	2215	-212	-960	
2216	2216	695	-603	
2217	2217	1374	-360	
2218	2218	1415	-348	
2219	2219	1231	-451	
2220	2220	1216	-429	
2221	2221	1282	-330	
2222	2222	1310	-396	
2223	2223	1316	-456	
2224	2224	1145	-104	
2225	2225	750	726	
2226	2226	455	1332	
2227	2227	421	1344	
2228	2228	447	1157	
2229	2229	543	1184	
2230	2230	575	1300	
2231	2231	157	1084	
2232	2232	-697	639	
2233	2233	-1365	341	
2234	2234	-1401	344	
2235	2235	-1209	443	
2236	2236	-1190	456	
2237	2237	-1274	420	
2238	2238	-1257	421	
2239	2239	-1229	444	
2240	2240	-1231	439	
2241	2241	-1242	435	
2242	2242	-1260	429	
2243	2243	-1242	445	
2244	2244	-1183	471	
2245	2245	-1265	445	
2246	2246	-1337	419	
2247	2247	-913	605	
2248	2248	-36	981	
2249	2249	669	1240	
2250	2250	742	1256	
2251	2251	510	1195	
2252	2252	455	1133	
2253	2253	663	1152	
2254	2254	705	1255	
2255	2255	206	1160	
2256	2256	-508	436	
2257	2257	-865	-603	
2258	2258	-653	-1232	
2259	2259	-452	-1176	
2260	2260	-519	-1000	
2261	2261	-615	-1011	
2262	2262	-568	-1091	
2263	2263	-537	-1061	
2264	2264	-557	-1037	
2265	2265	-553	-1051	
2266	2266	-569	-1072	
2267	2267	-545	-1064	
2268	2268	-470	-1052	
2269	2269	-557	-1086	
2270	2270	-620	-1121	
2271	2271	-202	-964	
2272	2272	724	-592	
2273	2273	1398	-307	
2274	2274	1437	-290	
2275	2275	1268	-380	
2276	2276	1249	-352	
2277	2277	1311	-253	
2278	2278	1345	-312	
2279	2279	1360	-371	
2280	2280	1164	-27	
2281	2281	701	773	
2282	2282	361	1348	
2283	2283	327	1363	
2284	2284	359	1179	
2285	2285	455	1217	
2286	2286	468	1328	
2287	2287	63	1085	
2288	2288	-754	564	
2289	2289	-1399	212	
2290	2290	-1433	214	
2291	2291	-1257	316	
2292	2292	-1241	328	
2293	2293	-1318	279	
2294	2294	-1308	284	
2295	2295	-1281	300	
2296	2296	-1293	280	
2297	2297	-1297	270	
2298	2298	-1292	271	
2299	2299	-1314	301	
2300	2300	-1297	283	
2301	2301	-1265	233	
2302	2302	-1313	312	
2303	2303	-1351	379	
2304	2304	-1128	31	
2305	2305	-634	-684	
2306	2306	-289	-1235	
2307	2307	-286	-1256	
2308	2308	-391	-1104	
2309	2309	-407	-1083	
2310	2310	-370	-1157	
2311	2311	-387	-1139	
2312	2312	-407	-1112	
2313	2313	-412	-1118	
2314	2314	-409	-1128	
2315	2315	-421	-1120	
2316	2316	-430	-1118	
2317	2317	-434	-1116	
2318	2318	-437	-1115	
2319	2319	-439	-1108	
2320	2320	-428	-1104	
2321	2321	-433	-1104	
2322	2322	-463	-1123	
2323	2323	-433	-1112	
2324	2324	-383	-1084	
2325	2325	-472	-1120	
2326	2326	-555	-1156	
2327	2327	-155	-968	
2328	2328	753	-562	
2329	2329	1414	-275	
2330	2330	1438	-269	
2331	2331	1271	-379	
2332	2332	1246	-353	
2333	2333	1309	-272	
2334	2334	1335	-337	
2335	2335	1343	-413	
2336	2336	1163	-65	
2337	2337	747	739	
2338	2338	415	1323	
2339	2339	393	1368	
2340	2340	497	1192	
2341	2341	532	1125	
2342	2342	451	1277	
2343	2343	423	1323	
2344	2344	647	925	
2345	2345	1068	127	
2346	2346	1365	-424	
2347	2347	1375	-456	
2348	2348	1282	-305	
2349	2349	1275	-299	
2350	2350	1311	-368	
2351	2351	1303	-361	
2352	2352	1278	-336	
2353	2353	1286	-344	
2354	2354	1326	-336	
2355	2355	1297	-344	
2356	2356	1245	-371	
2357	2357	1327	-336	
2358	2358	1407	-304	
2359	2359	981	-488	
2360	2360	53	-872	
2361	2361	-595	-1156	
2362	2362	-627	-1162	
2363	2363	-442	-1073	
2364	2364	-427	-1067	
2365	2365	-527	-1104	
2366	2366	-515	-1088	
2367	2367	-495	-1075	
2368	2368	-522	-1077	
2369	2369	-540	-1074	
2370	2370	-538	-1072	
2371	2371	-553	-1068	
2372	2372	-553	-1064	
2373	2373	-554	-1064	
2374	2374	-554	-1066	
2375	2375	-553	-1067	
2376	2376	-554	-1064	
2377	2377	-559	-1056	
2378	2378	-551	-1056	
2379	2379	-541	-1090	
2380	2380	-542	-1067	
2381	2381	-557	-1016	
2382	2382	-514	-1105	
2383	2383	-466	-1177	
2384	2384	-612	-788	
2385	2385	-986	-27	
2386	2386	-1310	556	
2387	2387	-1305	567	
2388	2388	-1166	408	
2389	2389	-1252	341	
2390	2390	-1379	357	
2391	2391	-967	531	
2392	2392	-108	944	
2393	2393	530	1296	
2394	2394	569	1333	
2395	2395	353	1218	
2396	2396	273	1184	
2397	2397	441	1275	
2398	2398	500	1308	
2399	2399	54	1069	
2400	2400	-761	579	
2401	2401	-1384	204	
2402	2402	-1448	168	
2403	2403	-1266	317	
2404	2404	-1190	331	
2405	2405	-1321	187	
2406	2406	-1425	219	
2407	2407	-1049	533	
2408	2408	-10	688	
2409	2409	1155	309	
2410	2410	1583	-182	
2411	2411	1402	-312	
2412	2412	1227	-216	
2413	2413	1375	-123	
2414	2414	1483	-147	
2415	2415	1047	-368	
2416	2416	159	-835	
2417	2417	-442	-1203	
2418	2418	-483	-1219	
2419	2419	-302	-1128	
2420	2420	-310	-1104	
2421	2421	-425	-1092	
2422	2422	-379	-1165	
2423	2423	-319	-1202	
2424	2424	-537	-844	
2425	2425	-993	-99	
2426	2426	-1335	490	
2427	2427	-1335	552	
2428	2428	-1169	402	
2429	2429	-1219	306	
2430	2430	-1377	429	
2431	2431	-981	680	
2432	2432	82	672	
2433	2433	1170	171	
2434	2434	1514	-371	
2435	2435	1325	-532	
2436	2436	1149	-382	
2437	2437	1287	-264	
2438	2438	1415	-395	
2439	2439	986	-633	
2440	2440	-114	-574	
2441	2441	-1121	-40	
2442	2442	-1399	576	
2443	2443	-1206	704	
2444	2444	-1112	539	
2445	2445	-1183	508	
2446	2446	-1194	603	
2447	2447	-1151	616	
2448	2448	-1143	600	
2449	2449	-1148	629	
2450	2450	-1138	648	
2451	2451	-1132	664	
2452	2452	-1121	682	
2453	2453	-1113	691	
2454	2454	-1107	704	
2455	2455	-1097	715	
2456	2456	-1091	726	
2457	2457	-1087	732	
2458	2458	-1079	741	
2459	2459	-1077	745	
2460	2460	-1074	744	
2461	2461	-1079	741	
2462	2462	-1085	735	
2463	2463	-1083	735	
2464	2464	-1086	733	
2465	2465	-1088	726	
2466	2466	-1089	723	
2467	2467	-1097	716	
2468	2468	-1100	712	
2469	2469	-1108	696	
2470	2470	-1121	689	
2471	2471	-1123	680	
2472	2472	-1131	667	
2473	2473	-1139	645	
2474	2474	-1150	636	
2475	2475	-1157	615	
2476	2476	-1170	600	
2477	2477	-1182	576	
2478	2478	-1189	563	
2479	2479	-1198	542	
2480	2480	-1209	524	
2481	2481	-1217	504	
2482	2482	-1225	488	
2483	2483	-1236	468	
2484	2484	-1241	448	
2485	2485	-1251	429	
2486	2486	-1258	405	
2487	2487	-1271	384	
2488	2488	-1274	364	
2489	2489	-1287	340	
2490	2490	-1292	319	
2491	2491	-1293	304	
2492	2492	-1303	293	
2493	2493	-1303	269	
2494	2494	-1310	253	
2495	2495	-1313	242	
2496	2496	-1320	220	
2497	2497	-1323	208	
2498	2498	-1325	189	
2499	2499	-1327	173	
2500	2500	-1330	157	
2501	2501	-1335	144	
2502	2502	-1339	125	
2503	2503	-1338	110	
2504	2504	-1341	93	
2505	2505	-1345	76	
2506	2506	-1349	56	
2507	2507	-1348	40	
2508	2508	-1349	28	
2509	2509	-1354	9	
2510	2510	-1356	-9	
2511	2511	-1353	-16	
2512	2512	-1345	-19	
2513	2513	-1348	-37	
2514	2514	-1377	-72	
2515	2515	-1353	-64	
2516	2516	-1314	-36	
2517	2517	-1383	-112	
2518	2518	-1439	-179	
2519	2519	-1114	114	
2520	2520	-413	827	
2521	2521	57	1363	
2522	2522	92	1412	
2523	2523	-66	1223	
2524	2524	-124	1168	
2525	2525	-12	1309	
2526	2526	20	1360	
2527	2527	-286	980	
2528	2528	-945	232	
2529	2529	-1426	-286	
2530	2530	-1473	-333	
2531	2531	-1318	-181	
2532	2532	-1273	-133	
2533	2533	-1389	-261	
2534	2534	-1433	-325	
2535	2535	-1121	12	
2536	2536	-490	776	
2537	2537	-71	1344	
2538	2538	-33	1397	
2539	2539	-164	1197	
2540	2540	-210	1140	
2541	2541	-112	1288	
2542	2542	-76	1347	
2543	2543	-358	942	
2544	2544	-969	151	
2545	2545	-1416	-380	
2546	2546	-1439	-406	
2547	2547	-1314	-242	
2548	2548	-1308	-230	
2549	2549	-1364	-291	
2550	2550	-1353	-275	
2551	2551	-1335	-237	
2552	2552	-1341	-240	
2553	2553	-1345	-235	
2554	2554	-1365	-240	
2555	2555	-1350	-212	
2556	2556	-1310	-163	
2557	2557	-1377	-212	
2558	2558	-1427	-259	
2559	2559	-1121	61	
2560	2560	-426	822	
2561	2561	52	1373	
2562	2562	81	1391	
2563	2563	-49	1232	
2564	2564	-57	1220	
2565	2565	26	1292	
2566	2566	22	1280	
2567	2567	2	1256	
2568	2568	29	1261	
2569	2569	47	1261	
2570	2570	79	1284	
2571	2571	44	1288	
2572	2572	23	1224	
2573	2573	146	1260	
2574	2574	148	1373	
2575	2575	-233	1103	
2576	2576	-660	143	
2577	2577	-542	-904	
2578	2578	-108	-1355	
2579	2579	62	-1227	
2580	2580	-64	-1097	
2581	2581	-137	-1155	
2582	2582	-65	-1198	
2583	2583	-49	-1162	
2584	2584	-76	-1152	
2585	2585	-65	-1172	
2586	2586	-55	-1173	
2587	2587	-61	-1172	
2588	2588	-52	-1173	
2589	2589	-44	-1173	
2590	2590	-39	-1171	
2591	2591	-31	-1171	
2592	2592	-13	-1153	
2593	2593	-9	-1152	
2594	2594	-21	-1174	
2595	2595	31	-1176	
2596	2596	70	-1112	
2597	2597	-29	-1152	
2598	2598	-2	-1260	
2599	2599	395	-949	
2600	2600	721	-3	
2601	2601	439	1059	
2602	2602	-98	1448	
2603	2603	-289	1276	
2604	2604	-178	1116	
2605	2605	-39	1232	
2606	2606	-148	1363	
2607	2607	-494	968	
2608	2608	-675	-55	
2609	2609	-287	-1000	
2610	2610	254	-1292	
2611	2611	441	-1131	
2612	2612	257	-1032	
2613	2613	151	-1088	
2614	2614	332	-1134	
2615	2615	415	-1121	
2616	2616	6	-956	
2617	2617	-780	-648	
2618	2618	-1417	-432	
2619	2619	-1461	-399	
2620	2620	-1215	-426	
2621	2621	-1199	-531	
2622	2622	-1400	-555	
2623	2623	-1232	-164	
2624	2624	-309	539	
2625	2625	860	896	
2626	2626	1511	696	
2627	2627	1479	488	
2628	2628	1255	535	
2629	2629	1238	642	
2630	2630	1391	564	
2631	2631	1439	512	
2632	2632	1020	669	
2633	2633	177	991	
2634	2634	-379	1238	
2635	2635	-426	1253	
2636	2636	-250	1128	
2637	2637	-137	1197	
2638	2638	-217	1336	
2639	2639	-508	974	
2640	2640	-673	-43	
2641	2641	-332	-989	
2642	2642	157	-1320	
2643	2643	308	-1184	
2644	2644	105	-1072	
2645	2645	-33	-1120	
2646	2646	103	-1197	
2647	2647	159	-1203	
2648	2648	-196	-960	
2649	2649	-906	-448	
2650	2650	-1462	-96	
2651	2651	-1490	-30	
2652	2652	-1266	-93	
2653	2653	-1289	-179	
2654	2654	-1477	-128	
2655	2655	-1190	232	
2656	2656	-138	645	
2657	2657	1087	584	
2658	2658	1607	163	
2659	2659	1501	-37	
2660	2660	1321	77	
2661	2661	1338	183	
2662	2662	1452	45	
2663	2663	1473	-24	
2664	2664	1153	274	
2665	2665	529	888	
2666	2666	91	1357	
2667	2667	54	1386	
2668	2668	167	1197	
2669	2669	314	1216	
2670	2670	281	1379	
2671	2671	-111	1152	
2672	2672	-609	234	
2673	2673	-652	-816	
2674	2674	-326	-1349	
2675	2675	-147	-1236	
2676	2676	-209	-1045	
2677	2677	-372	-1136	
2678	2678	-391	-1240	
2679	2679	-13	-965	
2680	2680	828	-440	
2681	2681	1462	-125	
2682	2682	1500	-124	
2683	2683	1311	-221	
2684	2684	1306	-224	
2685	2685	1391	-168	
2686	2686	1377	-164	
2687	2687	1353	-176	
2688	2688	1363	-155	
2689	2689	1372	-130	
2690	2690	1369	-131	
2691	2691	1397	-145	
2692	2692	1375	-124	
2693	2693	1343	-80	
2694	2694	1398	-141	
2695	2695	1439	-192	
2696	2696	1177	116	
2697	2697	623	828	
2698	2698	227	1368	
2699	2699	167	1389	
2700	2700	255	1197	
2701	2701	375	1197	
2702	2702	330	1379	
2703	2703	-89	1160	
2704	2704	-615	238	
2705	2705	-670	-818	
2706	2706	-301	-1332	
2707	2707	-119	-1256	
2708	2708	-226	-1086	
2709	2709	-337	-1085	
2710	2710	-232	-1211	
2711	2711	-170	-1232	
2712	2712	-434	-897	
2713	2713	-998	-227	
2714	2714	-1404	258	
2715	2715	-1425	274	
2716	2716	-1299	112	
2717	2717	-1297	92	
2718	2718	-1353	149	
2719	2719	-1343	125	
2720	2720	-1315	98	
2721	2721	-1329	96	
2722	2722	-1362	75	
2723	2723	-1339	85	
2724	2724	-1295	118	
2725	2725	-1370	48	
2726	2726	-1436	-9	
2727	2727	-1072	280	
2728	2728	-289	901	
2729	2729	265	1360	
2730	2730	311	1395	
2731	2731	116	1243	
2732	2732	57	1192	
2733	2733	198	1314	
2734	2734	246	1360	
2735	2735	-137	1037	
2736	2736	-874	397	
2737	2737	-1427	-80	
2738	2738	-1484	-126	
2739	2739	-1331	32	
2740	2740	-1257	61	
2741	2741	-1356	-100	
2742	2742	-1471	-102	
2743	2743	-1159	268	
2744	2744	-147	653	
2745	2745	1083	563	
2746	2746	1636	168	
2747	2747	1481	-19	
2748	2748	1284	48	
2749	2749	1400	186	
2750	2750	1521	180	
2751	2751	1145	-136	
2752	2752	379	-748	
2753	2753	-154	-1254	
2754	2754	-200	-1304	
2755	2755	-56	-1133	
2756	2756	-4	-1086	
2757	2757	-144	-1207	
2758	2758	-196	-1253	
2759	2759	159	-933	
2760	2760	927	-299	
2761	2761	1489	117	
2762	2762	1545	160	
2763	2763	1364	-7	
2764	2764	1305	-48	
2765	2765	1452	75	
2766	2766	1502	128	
2767	2767	1125	-163	
2768	2768	373	-772	
2769	2769	-167	-1256	
2770	2770	-207	-1296	
2771	2771	-42	-1133	
2772	2772	15	-1080	
2773	2773	-116	-1211	
2774	2774	-156	-1259	
2775	2775	201	-921	
2776	2776	952	-261	
2777	2777	1501	192	
2778	2778	1527	218	
2779	2779	1372	66	
2780	2780	1365	64	
2781	2781	1431	141	
2782	2782	1420	141	
2783	2783	1391	125	
2784	2784	1402	143	
2785	2785	1405	172	
2786	2786	1399	179	
2787	2787	1428	157	
2788	2788	1407	179	
2789	2789	1364	214	
2790	2790	1431	168	
2791	2791	1491	117	
2792	2792	1151	370	
2793	2793	438	925	
2794	2794	-65	1352	
2795	2795	-113	1362	
2796	2796	6	1199	
2797	2797	133	1226	
2798	2798	62	1389	
2799	2799	-288	1094	
2800	2800	-649	110	
2801	2801	-492	-916	
2802	2802	-84	-1363	
2803	2803	126	-1232	
2804	2804	-1	-1044	
2805	2805	-169	-1140	
2806	2806	-98	-1294	
2807	2807	309	-984	
2808	2808	697	-64	
2809	2809	543	1024	
2810	2810	86	1477	
2811	2811	-115	1319	
2812	2812	-29	1152	
2813	2813	107	1280	
2814	2814	78	1381	
2815	2815	-249	1005	
2816	2816	-907	264	
2817	2817	-1420	-235	
2818	2818	-1474	-283	
2819	2819	-1335	-123	
2820	2820	-1270	-99	
2821	2821	-1343	-259	
2822	2822	-1459	-264	
2823	2823	-1197	101	
2824	2824	-225	620	
2825	2825	1010	699	
2826	2826	1618	397	
2827	2827	1494	192	
2828	2828	1277	236	
2829	2829	1382	392	
2830	2830	1497	408	
2831	2831	1175	25	
2832	2832	505	-675	
2833	2833	26	-1248	
2834	2834	1	-1280	
2835	2835	155	-1123	
2836	2836	134	-1100	
2837	2837	14	-1142	
2838	2838	95	-1180	
2839	2839	175	-1192	
2840	2840	-162	-970	
2841	2841	-887	-475	
2842	2842	-1464	-138	
2843	2843	-1491	-94	
2844	2844	-1268	-152	
2845	2845	-1276	-251	
2846	2846	-1476	-219	
2847	2847	-1214	135	
2848	2848	-183	624	
2849	2849	1045	669	
2850	2850	1606	296	
2851	2851	1511	96	
2852	2852	1321	207	
2853	2853	1327	308	
2854	2854	1456	190	
2855	2855	1484	125	
2856	2856	1133	404	
2857	2857	423	936	
2858	2858	-75	1344	
2859	2859	-119	1365	
2860	2860	12	1197	
2861	2861	145	1227	
2862	2862	81	1392	
2863	2863	-266	1100	
2864	2864	-656	116	
2865	2865	-529	-910	
2866	2866	-113	-1349	
2867	2867	78	-1240	
2868	2868	-75	-1093	
2869	2869	-193	-1116	
2870	2870	-68	-1218	
2871	2871	-5	-1232	
2872	2872	-306	-942	
2873	2873	-959	-349	
2874	2874	-1434	59	
2875	2875	-1482	104	
2876	2876	-1315	-48	
2877	2877	-1268	-94	
2878	2878	-1395	8	
2879	2879	-1439	37	
2880	2880	-1097	-234	
2881	2881	-429	-808	
2882	2882	-4	-1248	
2883	2883	70	-1272	
2884	2884	-49	-1093	
2885	2885	-161	-1120	
2886	2886	-102	-1283	
2887	2887	293	-1000	
2888	2888	694	-68	
2889	2889	559	1013	
2890	2890	97	1469	
2891	2891	-118	1333	
2892	2892	-17	1152	
2893	2893	159	1245	
2894	2894	68	1396	
2895	2895	-315	1068	
2896	2896	-660	75	
2897	2897	-460	-946	
2898	2898	-5	-1352	
2899	2899	184	-1208	
2900	2900	39	-1088	
2901	2901	-22	-1152	
2902	2902	65	-1187	
2903	2903	97	-1148	
2904	2904	68	-1142	
2905	2905	73	-1150	
2906	2906	96	-1153	
2907	2907	125	-1163	
2908	2908	122	-1149	
2909	2909	76	-1120	
2910	2910	168	-1162	
2911	2911	247	-1188	
2912	2912	-97	-979	
2913	2913	-845	-547	
2914	2914	-1462	-275	
2915	2915	-1466	-251	
2916	2916	-1254	-296	
2917	2917	-1297	-384	
2918	2918	-1423	-422	
2919	2919	-1145	-97	
2920	2920	-543	705	
2921	2921	-151	1328	
2922	2922	-119	1384	
2923	2923	-229	1181	
2924	2924	-271	1117	
2925	2925	-164	1277	
2926	2926	-124	1339	
2927	2927	-391	928	
2928	2928	-978	115	
2929	2929	-1407	-422	
2930	2930	-1434	-440	
2931	2931	-1310	-272	
2932	2932	-1308	-256	
2933	2933	-1361	-330	
2934	2934	-1351	-314	
2935	2935	-1329	-288	
2936	2936	-1334	-296	
2937	2937	-1332	-314	
2938	2938	-1331	-306	
2939	2939	-1361	-289	
2940	2940	-1337	-304	
2941	2941	-1289	-323	
2942	2942	-1369	-268	
2943	2943	-1431	-232	
2944	2944	-1063	-420	
2945	2945	-284	-861	
2946	2946	245	-1208	
2947	2947	311	-1211	
2948	2948	152	-1067	
2949	2949	31	-1109	
2950	2950	133	-1259	
2951	2951	487	-912	
2952	2952	711	44	
2953	2953	382	1079	
2954	2954	-131	1444	
2955	2955	-279	1268	
2956	2956	-163	1124	
2957	2957	-47	1268	
2958	2958	-67	1367	
2959	2959	-342	963	
2960	2960	-940	173	
2961	2961	-1417	-348	
2962	2962	-1444	-363	
2963	2963	-1337	-192	
2964	2964	-1309	-190	
2965	2965	-1318	-285	
2966	2966	-1383	-224	
2967	2967	-1430	-162	
2968	2968	-1078	-368	
2969	2969	-332	-848	
2970	2970	159	-1228	
2971	2971	209	-1246	
2972	2972	61	-1085	
2973	2973	-77	-1122	
2974	2974	-9	-1283	
2975	2975	364	-974	
2976	2976	711	-29	
2977	2977	519	1044	
2978	2978	26	1459	
2979	2979	-138	1319	
2980	2980	4	1199	
2981	2981	88	1261	
2982	2982	0	1301	
2983	2983	-11	1261	
2984	2984	21	1250	
2985	2985	18	1262	
2986	2986	28	1288	
2987	2987	7	1272	
2988	2988	-39	1221	
2989	2989	25	1296	
2990	2990	74	1355	
2991	2991	-232	1015	
2992	2992	-921	283	
2993	2993	-1426	-232	
2994	2994	-1471	-272	
2995	2995	-1337	-112	
2996	2996	-1265	-80	
2997	2997	-1347	-243	
2998	2998	-1460	-259	
2999	2999	-1196	112	
3000	3000	-215	621	
3001	3001	1015	695	
3002	3002	1621	383	
3003	3003	1493	179	
3004	3004	1284	223	
3005	3005	1383	381	
3006	3006	1505	387	
3007	3007	1173	16	
3008	3008	502	-672	
3009	3009	20	-1241	
3010	3010	-18	-1307	
3011	3011	128	-1109	
3012	3012	176	-1053	
3013	3013	41	-1200	
3014	3014	-12	-1256	
3015	3015	319	-877	
3016	3016	985	-168	
3017	3017	1470	355	
3018	3018	1521	402	
3019	3019	1386	203	
3020	3020	1317	171	
3021	3021	1393	354	
3022	3022	1508	365	
3023	3023	1247	-53	
3024	3024	246	-518	
3025	3025	-953	-608	
3026	3026	-1567	-327	
3027	3027	-1446	-147	
3028	3028	-1228	-184	
3029	3029	-1330	-321	
3030	3030	-1450	-332	
3031	3031	-1123	7	
3032	3032	-471	760	
3033	3033	-44	1348	
3034	3034	-1	1406	
3035	3035	-129	1212	
3036	3036	-168	1159	
3037	3037	-48	1304	
3038	3038	2	1360	
3039	3039	-292	981	
3040	3040	-947	232	
3041	3041	-1434	-275	
3042	3042	-1460	-300	
3043	3043	-1328	-153	
3044	3044	-1313	-144	
3045	3045	-1377	-206	
3046	3046	-1365	-205	
3047	3047	-1340	-184	
3048	3048	-1348	-193	
3049	3049	-1343	-224	
3050	3050	-1345	-222	
3051	3051	-1369	-214	
3052	3052	-1345	-228	
3053	3053	-1303	-253	
3054	3054	-1377	-216	
3055	3055	-1441	-184	
3056	3056	-1085	-380	
3057	3057	-312	-868	
3058	3058	215	-1208	
3059	3059	235	-1224	
3060	3060	65	-1131	
3061	3061	52	-1126	
3062	3062	129	-1165	
3063	3063	118	-1160	
3064	3064	103	-1133	
3065	3065	116	-1142	
3066	3066	102	-1172	
3067	3067	115	-1147	
3068	3068	151	-1100	
3069	3069	92	-1174	
3070	3070	37	-1240	
3071	3071	343	-876	
3072	3072	996	-139	
3073	3073	1460	427	
3074	3074	1503	466	
3075	3075	1385	260	
3076	3076	1311	213	
3077	3077	1388	391	
3078	3078	1503	396	
3079	3079	1250	-28	
3080	3080	244	-528	
3081	3081	-953	-619	
3082	3082	-1545	-298	
3083	3083	-1465	-123	
3084	3084	-1268	-209	
3085	3085	-1265	-304	
3086	3086	-1402	-216	
3087	3087	-1434	-163	
3088	3088	-1061	-384	
3089	3089	-318	-862	
3090	3090	175	-1099	
3091	3091	140	-195	
3092	3092	-20	181	
3093	3093	15	-85	
3094	3094	4	93	
3095	3095	14	-35	
3096	3096	6	40	
3097	3097	7	-1	
3098	3098	9	20	
3099	3099	8	13	
3100	3100	9	12	
3101	3101	9	13	
3102	3102	7	13	
3103	3103	9	16	
3104	3104	7	8	
3105	3105	11	15	
3106	3106	10	8	
3107	3107	9	18	
3108	3108	10	8	
3109	3109	7	16	
3110	3110	10	13	
3111	3111	8	14	
3112	3112	9	11	
3113	3113	7	16	
3114	3114	9	11	
3115	3115	7	14	
3116	3116	7	12	
3117	3117	10	13	
3118	3118	7	13	
3119	3119	10	10	
3120	3120	9	13	
3121	3121	9	13	
3122	3122	8	15	
3123	3123	9	11	
3124	3124	9	11	
3125	3125	7	16	
3126	3126	10	13	
3127	3127	7	13	
3128	3128	10	13	
3129	3129	7	13	
3130	3130	10	13	
3131	3131	10	13	
3132	3132	8	10	
3133	3133	7	12	
3134	3134	11	12	
3135	3135	7	13	
3136	3136	11	13	
3137	3137	9	11	
3138	3138	9	13	
3139	3139	7	13	
3140	3140	7	13	
3141	3141	7	12	
3142	3142	7	13	
3143	3143	7	12	
3144	3144	10	14	
3145	3145	7	13	
3146	3146	8	14	
3147	3147	7	12	
3148	3148	9	12	
3149	3149	7	13	
3150	3150	10	16	
3151	3151	9	12	
3152	3152	7	12	
3153	3153	7	13	
3154	3154	7	12	
3155	3155	7	11	
3156	3156	9	12	
3157	3157	7	13	
3158	3158	7	11	
3159	3159	11	13	
3160	3160	7	11	
3161	3161	10	13	
3162	3162	7	10	
3163	3163	9	12	
3164	3164	6	13	
3165	3165	7	12	
3166	3166	9	11	
3167	3167	9	10	
3168	3168	9	16	
3169	3169	9	13	
3170	3170	9	12	
3171	3171	10	11	
3172	3172	10	13	
3173	3173	9	13	
3174	3174	8	13	
3175	3175	7	10	
3176	3176	9	14	
3177	3177	9	11	
3178	3178	9	12	
3179	3179	7	13	
3180	3180	7	13	
3181	3181	7	13	
3182	3182	7	13	
3183	3183	8	15	
3184	3184	7	13	
3185	3185	7	16	
3186	3186	7	13	
3187	3187	8	13	
3188	3188	8	11	
3189	3189	10	13	
3190	3190	9	12	
3191	3191	9	16	
3192	3192	9	13	
3193	3193	9	12	
3194	3194	7	13	
3195	3195	11	14	
3196	3196	9	13	
3197	3197	7	13	
3198	3198	8	11	
3199	3199	7	13	
3200	3200	7	13	
3201	3201	9	13	
3202	3202	9	16	
3203	3203	9	14	
3204	3204	9	14	
3205	3205	7	13	
3206	3206	7	13	
3207	3207	9	13	
3208	3208	9	13	
3209	3209	7	13	
3210	3210	9	11	
3211	3211	9	16	
3212	3212	7	13	
3213	3213	9	13	
3214	3214	9	16	
3215	3215	7	15	
3216	3216	9	12	
3217	3217	9	13	
3218	3218	9	16	
3219	3219	10	15	
3220	3220	8	13	
3221	3221	9	13	
3222	3222	10	14	
3223	3223	9	13	
3224	3224	9	15	
3225	3225	10	10	
3226	3226	8	13	
3227	3227	9	16	
3228	3228	7	14	
3229	3229	7	13	
3230	3230	10	14	
3231	3231	9	13	
3232	3232	10	13	
3233	3233	7	13	
3234	3234	10	15	
3235	3235	7	12	
3236	3236	9	14	
3237	3237	9	11	
3238	3238	9	16	
3239	3239	7	13	
3240	3240	7	13	
3241	3241	6	16	
3242	3242	12	11	
3243	3243	7	16	
3244	3244	9	15	
3245	3245	9	13	
3246	3246	9	13	
3247	3247	7	12	
3248	3248	7	13	
3249	3249	10	14	
3250	3250	6	16	
3251	3251	10	14	
3252	3252	7	16	
3253	3253	6	12	
3254	3254	10	13	
3255	3255	7	13	
3256	3256	9	13	
3257	3257	10	13	
3258	3258	9	15	
3259	3259	10	13	
3260	3260	9	13	
3261	3261	7	14	
3262	3262	9	15	
3263	3263	9	13	
3264	3264	8	13	
3265	3265	8	13	
3266	3266	9	16	
3267	3267	7	16	
3268	3268	9	16	
3269	3269	9	16	
3270	3270	9	16	
3271	3271	10	14	
3272	3272	8	13	
3273	3273	7	16	
3274	3274	10	15	
3275	3275	9	15	
3276	3276	11	13	
3277	3277	10	13	
3278	3278	7	18	
3279	3279	8	13	
3280	3280	7	13	
3281	3281	11	16	
3282	3282	9	14	
3283	3283	7	14	
3284	3284	10	14	
3285	3285	8	14	
3286	3286	7	13	
3287	3287	11	15	
3288	3288	10	13	
3289	3289	9	13	
3290	3290	10	16	
3291	3291	7	14	
3292	3292	7	13	
3293	3293	9	13	
3294	3294	11	13	
3295	3295	10	14	
3296	3296	12	16	
3297	3297	11	16	
3298	3298	7	15	
3299	3299	10	13	
3300	3300	7	13	
3301	3301	11	16	
3302	3302	7	16	
3303	3303	10	16	
3304	3304	10	13	
3305	3305	10	15	
3306	3306	7	13	
3307	3307	7	16	
3308	3308	9	13	
3309	3309	9	14	
3310	3310	9	13	
3311	3311	9	16	
3312	3312	7	14	
3313	3313	7	13	
3314	3314	7	16	
3315	3315	9	15	
3316	3316	7	13	
3317	3317	7	16	
3318	3318	7	12	
3319	3319	7	15	
3320	3320	8	13	
3321	3321	8	13	
3322	3322	10	16	
3323	3323	6	16	
3324	3324	12	16	
3325	3325	9	16	
3326	3326	8	13	
3327	3327	7	13	
3328	3328	9	14	
3329	3329	7	13	
3330	3330	10	16	
3331	3331	9	13	
3332	3332	10	16	
3333	3333	9	15	
3334	3334	9	14	
3335	3335	8	13	
3336	3336	9	13	
3337	3337	6	13	
3338	3338	7	16	
3339	3339	9	13	
3340	3340	9	16	
3341	3341	7	13	
3342	3342	9	16	
3343	3343	9	13	
3344	3344	7	14	
3345	3345	7	16	
3346	3346	9	12	
3347	3347	7	16	
3348	3348	10	15	
3349	3349	9	13	
3350	3350	7	13	
3351	3351	8	14	
3352	3352	9	13	
3353	3353	7	13	
3354	3354	8	16	
3355	3355	10	15	
3356	3356	6	13	
3357	3357	9	11	
3358	3358	10	13	
3359	3359	9	13	
3360	3360	7	13	
3361	3361	11	13	
3362	3362	9	13	
3363	3363	8	13	
3364	3364	7	14	
3365	3365	10	13	
3366	3366	9	12	
3367	3367	10	11	
3368	3368	9	13	
3369	3369	7	13	
3370	3370	7	13	
3371	3371	8	14	
3372	3372	7	12	
3373	3373	7	13	
3374	3374	7	13	
3375	3375	7	12	
3376	3376	10	16	
3377	3377	7	12	
3378	3378	9	13	
3379	3379	7	14	
3380	3380	7	13	
3381	3381	7	11	
3382	3382	7	14	
3383	3383	7	13	
3384	3384	9	13	
3385	3385	10	15	
3386	3386	8	13	
3387	3387	7	13	
3388	3388	7	11	
3389	3389	9	13	
3390	3390	7	8	
3391	3391	7	13	
3392	3392	7	12	
3393	3393	10	13	
3394	3394	9	14	
3395	3395	7	15	
3396	3396	8	15	
3397	3397	9	12	
3398	3398	7	13	
3399	3399	9	13	
3400	3400	7	13	
3401	3401	10	12	
3402	3402	9	13	
3403	3403	7	11	
3404	3404	9	14	
3405	3405	9	11	
3406	3406	8	13	
3407	3407	8	13	
3408	3408	7	13	
3409	3409	7	12	
3410	3410	7	12	
3411	3411	11	12	
3412	3412	6	13	
3413	3413	8	14	
3414	3414	10	10	
3415	3415	9	11	
3416	3416	7	13	
3417	3417	10	13	
3418	3418	7	13	
3419	3419	10	16	
3420	3420	7	13	
3421	3421	8	11	
3422	3422	7	13	
3423	3423	7	15	
3424	3424	9	13	
3425	3425	9	11	
3426	3426	9	13	
3427	3427	7	11	
3428	3428	8	12	
3429	3429	8	13	
3430	3430	8	13	
3431	3431	7	13	
3432	3432	9	13	
3433	3433	9	11	
3434	3434	8	13	
3435	3435	11	13	
3436	3436	7	12	
3437	3437	10	15	
3438	3438	7	13	
3439	3439	8	13	
3440	3440	10	13	
3441	3441	9	12	
3442	3442	9	14	
3443	3443	9	15	
3444	3444	7	14	
3445	3445	7	10	
3446	3446	9	13	
3447	3447	9	11	
3448	3448	7	12	
3449	3449	8	12	
3450	3450	7	13	
3451	3451	10	13	
3452	3452	10	16	
3453	3453	7	13	
3454	3454	10	11	
3455	3455	6	12	
3456	3456	7	13	
3457	3457	7	12	
3458	3458	8	12	
3459	3459	7	11	
3460	3460	10	13	
3461	3461	9	13	
3462	3462	7	12	
3463	3463	7	11	
3464	3464	8	12	
3465	3465	9	13	
3466	3466	9	13	
3467	3467	9	13	
3468	3468	9	12	
3469	3469	11	13	
3470	3470	7	16	
3471	3471	9	11	
3472	3472	9	13	
3473	3473	8	13	
3474	3474	9	12	
3475	3475	10	15	
3476	3476	10	13	
3477	3477	11	13	
3478	3478	9	13	
3479	3479	7	13	
3480	3480	7	13	
3481	3481	7	13	
3482	3482	10	13	
3483	3483	9	12	
3484	3484	9	13	
3485	3485	10	12	
3486	3486	8	14	
3487	3487	9	12	
3488	3488	7	15	
3489	3489	9	11	
3490	3490	9	16	
3491	3491	12	12	
3492	3492	7	16	
3493	3493	9	14	
3494	3494	9	14	
3495	3495	9	13	
3496	3496	9	15	
3497	3497	7	15	
3498	3498	8	15	
3499	3499	7	12	
3500	3500	7	14	
3501	3501	9	13	
3502	3502	5	13	
3503	3503	9	13	
3504	3504	10	13	
3505	3505	9	14	
3506	3506	10	13	
3507	3507	7	16	
3508	3508	9	12	
3509	3509	7	16	
3510	3510	12	13	
3511	3511	7	15	
3512	3512	10	11	
3513	3513	9	13	
3514	3514	7	14	
3515	3515	8	16	
3516	3516	8	14	
3517	3517	12	16	
3518	3518	10	13	
3519	3519	11	15	
3520	3520	7	12	
3521	3521	9	15	
3522	3522	10	16	
3523	3523	9	13	
3524	3524	10	13	
3525	3525	9	14	
3526	3526	6	13	
3527	3527	8	12	
3528	3528	7	13	
3529	3529	7	13	
3530	3530	7	14	
3531	3531	9	13	
3532	3532	9	13	
3533	3533	10	13	
3534	3534	8	13	
3535	3535	9	14	
3536	3536	9	13	
3537	3537	7	13	
3538	3538	12	16	
3539	3539	10	16	
3540	3540	9	11	
3541	3541	12	15	
3542	3542	9	11	
3543	3543	7	14	
3544	3544	7	13	
3545	3545	7	16	
3546	3546	12	14	
3547	3547	10	13	
3548	3548	7	13	
3549	3549	7	13	
3550	3550	10	13	
3551	3551	9	12	
3552	3552	9	15	
3553	3553	9	16	
3554	3554	9	15	
3555	3555	7	13	
3556	3556	9	13	
3557	3557	7	18	
3558	3558	13	13	
3559	3559	7	13	
3560	3560	11	13	
3561	3561	8	13	
3562	3562	9	13	
3563	3563	7	15	
3564	3564	7	13	
3565	3565	7	13	
3566	3566	8	15	
3567	3567	7	14	
3568	3568	7	13	
3569	3569	11	13	
3570	3570	7	12	
3571	3571	10	13	
3572	3572	10	16	
3573	3573	7	13	
3574	3574	11	13	
3575	3575	7	14	
3576	3576	9	12	
3577	3577	6	13	
3578	3578	8	16	
3579	3579	7	13	
3580	3580	9	13	
3581	3581	9	13	
3582	3582	7	13	
3583	3583	7	16	
3584	3584	8	15	
3585	3585	10	14	
3586	3586	7	13	
3587	3587	9	13	
3588	3588	11	12	
3589	3589	11	13	
3590	3590	7	14	
3591	3591	10	14	
3592	3592	9	16	
3593	3593	9	13	
3594	3594	9	14	
3595	3595	9	15	
3596	3596	8	13	
3597	3597	9	13	
3598	3598	9	13	
3599	3599	8	16	
3600	3600	7	11	
3601	3601	9	14	
3602	3602	8	13	
3603	3603	9	16	
3604	3604	7	13	
3605	3605	10	13	
3606	3606	10	16	
3607	3607	8	13	
3608	3608	11	16	
3609	3609	11	16	
3610	3610	9	15	
3611	3611	10	12	
3612	3612	10	16	
3613	3613	7	13	
3614	3614	9	13	
3615	3615	10	13	
3616	3616	9	13	
3617	3617	7	13	
3618	3618	10	13	
3619	3619	7	16	
3620	3620	9	16	
3621	3621	9	12	
3622	3622	8	13	
3623	3623	7	13	
3624	3624	9	15	
3625	3625	9	14	
3626	3626	9	12	
3627	3627	8	11	
3628	3628	7	12	
3629	3629	11	15	
3630	3630	10	15	
3631	3631	12	12	
3632	3632	7	13	
3633	3633	8	14	
3634	3634	10	14	
3635	3635	9	16	
3636	3636	11	15	
3637	3637	7	16	
3638	3638	9	15	
3639	3639	10	12	
3640	3640	9	16	
3641	3641	8	13	
3642	3642	11	16	
3643	3643	7	16	
3644	3644	9	8	
3645	3645	9	16	
3646	3646	9	8	
3647	3647	7	15	
3648	3648	7	18	
3649	3649	8	11	
3650	3650	9	15	
3651	3651	10	13	
3652	3652	12	16	
3653	3653	9	11	
3654	3654	9	16	
3655	3655	9	13	
3656	3656	10	13	
3657	3657	7	13	
3658	3658	9	13	
3659	3659	9	13	
3660	3660	10	13	
3661	3661	9	15	
3662	3662	8	16	
3663	3663	9	13	
3664	3664	8	13	
3665	3665	7	13	
3666	3666	9	14	
3667	3667	12	13	
3668	3668	7	13	
3669	3669	10	13	
3670	3670	10	13	
3671	3671	7	10	
3672	3672	10	13	
3673	3673	9	13	
3674	3674	10	11	
3675	3675	9	13	
3676	3676	7	12	
3677	3677	8	11	
3678	3678	8	11	
3679	3679	10	14	
3680	3680	9	16	
3681	3681	9	13	
3682	3682	7	14	
3683	3683	9	16	
3684	3684	11	12	
3685	3685	7	12	
3686	3686	8	11	
3687	3687	9	13	
3688	3688	7	12	
3689	3689	9	15	
3690	3690	7	13	
3691	3691	9	10	
3692	3692	9	16	
3693	3693	8	11	
3694	3694	9	13	
3695	3695	9	13	
3696	3696	10	13	
3697	3697	7	13	
3698	3698	6	14	
3699	3699	9	13	
3700	3700	9	13	
3701	3701	9	13	
3702	3702	8	10	
3703	3703	9	12	
3704	3704	9	12	
3705	3705	7	15	
3706	3706	7	13	
3707	3707	9	13	
3708	3708	9	13	
3709	3709	7	11	
3710	3710	7	12	
3711	3711	8	11	
3712	3712	10	15	
3713	3713	7	14	
3714	3714	10	11	
3715	3715	5	13	
3716	3716	11	11	
3717	3717	7	12	
3718	3718	9	13	
3719	3719	7	11	
3720	3720	10	14	
3721	3721	10	8	
3722	3722	10	11	
3723	3723	9	13	
3724	3724	9	13	
3725	3725	9	13	
3726	3726	7	11	
3727	3727	7	11	
3728	3728	9	11	
3729	3729	9	16	
3730	3730	7	12	
3731	3731	11	13	
3732	3732	7	13	
3733	3733	9	13	
3734	3734	7	13	
3735	3735	9	12	
3736	3736	6	15	
3737	3737	7	11	
3738	3738	9	11	
3739	3739	9	11	
3740	3740	9	8	
3741	3741	7	13	
3742	3742	7	11	
3743	3743	7	12	
3744	3744	7	12	
3745	3745	9	11	
3746	3746	7	13	
3747	3747	9	11	
3748	3748	8	14	
3749	3749	10	13	
3750	3750	9	13	
3751	3751	12	14	
3752	3752	9	11	
3753	3753	7	15	
3754	3754	8	13	
3755	3755	10	16	
3756	3756	7	12	
3757	3757	9	13	
3758	3758	7	13	
3759	3759	7	16	
3760	3760	11	14	
3761	3761	9	15	
3762	3762	9	13	
3763	3763	7	13	
3764	3764	9	16	
3765	3765	7	13	
3766	3766	7	13	
3767	3767	9	14	
3768	3768	8	13	
3769	3769	9	13	
3770	3770	7	16	
3771	3771	7	12	
3772	3772	9	14	
3773	3773	6	12	
3774	3774	11	13	
3775	3775	9	16	
3776	3776	9	11	
3777	3777	9	13	
3778	3778	7	13	
3779	3779	7	16	
3780	3780	9	13	
3781	3781	8	13	
3782	3782	9	13	
3783	3783	9	13	
3784	3784	9	12	
3785	3785	9	15	
3786	3786	9	13	
3787	3787	7	13	
3788	3788	9	15	
3789	3789	7	13	
3790	3790	9	16	
3791	3791	9	13	
3792	3792	7	16	
3793	3793	8	16	
3794	3794	10	13	
3795	3795	11	14	
3796	3796	7	14	
3797	3797	9	12	
3798	3798	9	16	
3799	3799	8	14	
3800	3800	9	12	
3801	3801	9	13	
3802	3802	9	15	
3803	3803	10	14	
3804	3804	8	13	
3805	3805	11	13	
3806	3806	7	14	
3807	3807	11	12	
3808	3808	11	15	
3809	3809	7	13	
3810	3810	12	11	
3811	3811	7	13	
3812	3812	12	13	
3813	3813	7	12	
3814	3814	10	12	
3815	3815	9	14	
3816	3816	9	12	
3817	3817	7	14	
3818	3818	9	13	
3819	3819	8	13	
3820	3820	9	15	
3821	3821	11	11	
3822	3822	8	15	
3823	3823	9	12	
3824	3824	12	16	
3825	3825	9	13	
3826	3826	11	13	
3827	3827	10	16	
3828	3828	10	16	
3829	3829	9	13	
3830	3830	7	13	
3831	3831	10	13	
3832	3832	11	16	
3833	3833	7	15	
3834	3834	9	16	
3835	3835	12	14	
3836	3836	9	16	
3837	3837	9	13	
3838	3838	9	16	
3839	3839	11	12	
3840	3840	9	13	
3841	3841	9	15	
3842	3842	8	13	
3843	3843	11	16	
3844	3844	7	13	
3845	3845	12	15	
3846	3846	9	16	
3847	3847	10	15	
3848	3848	8	15	
3849	3849	10	13	
3850	3850	7	15	
3851	3851	9	13	
3852	3852	7	15	
3853	3853	13	15	
3854	3854	10	14	
3855	3855	7	16	
3856	3856	9	12	
3857	3857	8	12	
3858	3858	13	13	
3859	3859	9	16	
3860	3860	11	16	
3861	3861	8	16	
3862	3862	10	13	
3863	3863	9	15	
3864	3864	8	16	
3865	3865	9	15	
3866	3866	9	15	
3867	3867	7	13	
3868	3868	9	15	
3869	3869	7	12	
3870	3870	11	13	
3871	3871	9	12	
3872	3872	9	14	
3873	3873	10	13	
3874	3874	10	12	
3875	3875	7	13	
3876	3876	8	13	
3877	3877	10	13	
3878	3878	9	13	
3879	3879	10	16	
3880	3880	10	13	
3881	3881	10	16	
3882	3882	7	12	
3883	3883	7	13	
3884	3884	9	13	
3885	3885	9	16	
3886	3886	10	13	
3887	3887	10	16	
3888	3888	11	12	
3889	3889	7	13	
3890	3890	9	16	
3891	3891	9	13	
3892	3892	8	16	
3893	3893	7	15	
3894	3894	9	13	
3895	3895	7	13	
3896	3896	7	13	
3897	3897	10	13	
3898	3898	7	16	
3899	3899	10	13	
3900	3900	10	12	
3901	3901	9	16	
3902	3902	9	14	
3903	3903	9	13	
3904	3904	12	15	
3905	3905	11	13	
3906	3906	7	16	
3907	3907	7	16	
3908	3908	9	11	
3909	3909	8	16	
3910	3910	13	13	
3911	3911	7	13	
3912	3912	10	16	
3913	3913	9	15	
3914	3914	7	12	
3915	3915	7	13	
3916	3916	8	13	
3917	3917	9	15	
3918	3918	7	11	
3919	3919	12	16	
3920	3920	10	13	
3921	3921	7	11	
3922	3922	10	13	
3923	3923	10	13	
3924	3924	10	13	
3925	3925	7	13	
3926	3926	9	12	
3927	3927	7	13	
3928	3928	12	16	
3929	3929	9	13	
3930	3930	9	16	
3931	3931	6	12	
3932	3932	9	16	
3933	3933	9	13	
3934	3934	7	16	
3935	3935	11	11	
3936	3936	12	12	
3937	3937	7	13	
3938	3938	7	13	
3939	3939	9	14	
3940	3940	10	14	
3941	3941	9	13	
3942	3942	9	15	
3943	3943	11	12	
3944	3944	11	16	
3945	3945	7	10	
3946	3946	9	14	
3947	3947	7	13	
3948	3948	10	13	
3949	3949	9	12	
3950	3950	10	11	
3951	3951	9	13	
3952	3952	10	12	
3953	3953	8	12	
3954	3954	9	15	
3955	3955	9	15	
3956	3956	9	13	
3957	3957	11	13	
3958	3958	7	13	
3959	3959	9	14	
3960	3960	7	11	
3961	3961	8	15	
3962	3962	11	13	
3963	3963	9	12	
3964	3964	10	13	
3965	3965	8	16	
3966	3966	10	12	
3967	3967	9	13	
3968	3968	8	11	
3969	3969	9	13	
3970	3970	7	12	
3971	3971	7	13	
3972	3972	9	12	
3973	3973	9	13	
3974	3974	9	13	
3975	3975	11	11	
3976	3976	10	12	
3977	3977	9	11	
3978	3978	9	13	
3979	3979	7	14	
3980	3980	9	14	
3981	3981	10	13	
3982	3982	10	13	
3983	3983	7	13	
3984	3984	11	11	
3985	3985	8	11	
3986	3986	10	11	
3987	3987	7	11	
3988	3988	11	12	
3989	3989	8	13	
3990	3990	9	13	
3991	3991	9	14	
3992	3992	9	11	
3993	3993	10	15	
3994	3994	10	12	
3995	3995	9	14	
3996	3996	7	12	
3997	3997	11	13	
3998	3998	11	13	
3999	3999	7	13	
4000	4000	10	11	
4001	4001	9	13	
4002	4002	10	12	
4003	4003	7	12	
4004	4004	10	11	
4005	4005	10	11	
4006	4006	10	12	
4007	4007	11	11	
4008	4008	9	12	
4009	4009	7	13	
4010	4010	9	13	
4011	4011	7	14	
4012	4012	7	15	
4013	4013	11	15	
4014	4014	10	13	
4015	4015	9	13	
4016	4016	9	10	
4017	4017	8	12	
4018	4018	7	11	
4019	4019	12	11	
4020	4020	9	11	
4021	4021	10	13	
4022	4022	7	14	
4023	4023	10	14	
4024	4024	8	15	
4025	4025	7	13	
4026	4026	10	13	
4027	4027	9	15	
4028	4028	7	14	
4029	4029	9	13	
4030	4030	8	13	
4031	4031	11	13	
4032	4032	9	12	
4033	4033	9	13	
4034	4034	9	16	
4035	4035	8	13	
4036	4036	12	12	
4037	4037	6	13	
4038	4038	12	13	
4039	4039	7	12	
4040	4040	12	16	
4041	4041	9	10	
4042	4042	10	11	
4043	4043	11	13	
4044	4044	7	13	
4045	4045	7	16	
4046	4046	10	16	
4047	4047	11	13	
4048	4048	9	13	
4049	4049	7	13	
4050	4050	9	13	
4051	4051	10	11	
4052	4052	9	12	
4053	4053	12	12	
4054	4054	11	13	
4055	4055	9	15	
4056	4056	11	13	
4057	4057	9	12	
4058	4058	9	12	
4059	4059	9	11	
4060	4060	11	13	
4061	4061	7	13	
4062	4062	11	15	
4063	4063	7	12	
4064	4064	11	16	
4065	4065	9	12	
4066	4066	9	14	
4067	4067	9	12	
4068	4068	9	14	
4069	4069	10	12	
4070	4070	12	16	
4071	4071	7	13	
4072	4072	8	13	
4073	4073	10	12	
4074	4074	9	14	
4075	4075	9	13	
4076	4076	12	11	
4077	4077	9	16	
4078	4078	11	10	
4079	4079	7	13	
4080	4080	10	13	
4081	4081	9	13	
4082	4082	9	13	
4083	4083	7	13	
4084	4084	9	15	
4085	4085	9	15	
4086	4086	10	13	
4087	4087	9	11	
4088	4088	9	11	
4089	4089	9	14	
4090	4090	8	14	
4091	4091	13	12	
4092	4092	8	13	
4093	4093	10	13	
4094	4094	8	14	
4095	4095	11	12	
