Sample in Buffer	Sample in Window	trig0/data0	trig1/data1
0	0	87	50	
1	1	84	52	
2	2	87	52	
3	3	88	51	
4	4	85	53	
5	5	87	54	
6	6	85	52	
7	7	87	52	
8	8	86	54	
9	9	87	53	
10	10	87	52	
11	11	85	52	
12	12	85	52	
13	13	88	52	
14	14	85	52	
15	15	87	54	
16	16	84	52	
17	17	87	54	
18	18	83	54	
19	19	87	53	
20	20	85	55	
21	21	85	52	
22	22	84	50	
23	23	84	54	
24	24	86	52	
25	25	84	53	
26	26	87	52	
27	27	85	54	
28	28	85	51	
29	29	86	54	
30	30	84	52	
31	31	82	52	
32	32	85	54	
33	33	85	54	
34	34	86	54	
35	35	86	54	
36	36	84	51	
37	37	85	54	
38	38	84	54	
39	39	85	54	
40	40	85	55	
41	41	85	55	
42	42	84	54	
43	43	86	54	
44	44	83	56	
45	45	84	52	
46	46	82	54	
47	47	84	55	
48	48	83	52	
49	49	84	55	
50	50	85	52	
51	51	85	53	
52	52	85	51	
53	53	87	55	
54	54	84	52	
55	55	84	52	
56	56	85	54	
57	57	84	54	
58	58	82	54	
59	59	84	54	
60	60	84	56	
61	61	85	52	
62	62	81	56	
63	63	87	54	
64	64	83	55	
65	65	84	51	
66	66	84	56	
67	67	85	52	
68	68	84	55	
69	69	84	53	
70	70	82	54	
71	71	84	56	
72	72	84	52	
73	73	84	53	
74	74	83	54	
75	75	82	55	
76	76	84	54	
77	77	83	54	
78	78	85	55	
79	79	84	53	
80	80	82	54	
81	81	82	54	
82	82	83	54	
83	83	83	54	
84	84	84	54	
85	85	83	54	
86	86	84	55	
87	87	84	53	
88	88	84	55	
89	89	85	53	
90	90	85	54	
91	91	84	54	
92	92	86	54	
93	93	85	54	
94	94	85	54	
95	95	85	54	
96	96	85	54	
97	97	85	55	
98	98	84	52	
99	99	84	55	
100	100	86	53	
101	101	86	54	
102	102	84	54	
103	103	85	55	
104	104	86	54	
105	105	86	55	
106	106	85	53	
107	107	86	54	
108	108	87	52	
109	109	85	55	
110	110	85	53	
111	111	84	54	
112	112	87	52	
113	113	85	54	
114	114	87	53	
115	115	85	54	
116	116	82	54	
117	117	87	57	
118	118	84	55	
119	119	85	55	
120	120	85	54	
121	121	85	54	
122	122	83	54	
123	123	85	52	
124	124	85	54	
125	125	85	55	
126	126	85	51	
127	127	84	54	
128	128	85	54	
129	129	85	55	
130	130	86	52	
131	131	84	54	
132	132	86	54	
133	133	85	54	
134	134	85	54	
135	135	84	52	
136	136	87	53	
137	137	84	54	
138	138	85	52	
139	139	85	53	
140	140	86	54	
141	141	85	53	
142	142	85	52	
143	143	85	52	
144	144	86	53	
145	145	85	54	
146	146	87	50	
147	147	87	54	
148	148	87	53	
149	149	85	52	
150	150	88	50	
151	151	85	51	
152	152	89	52	
153	153	85	54	
154	154	88	50	
155	155	87	51	
156	156	87	51	
157	157	87	52	
158	158	89	52	
159	159	88	52	
160	160	89	52	
161	161	86	52	
162	162	87	52	
163	163	89	53	
164	164	87	50	
165	165	88	54	
166	166	86	52	
167	167	89	50	
168	168	85	50	
169	169	89	52	
170	170	90	54	
171	171	87	52	
172	172	86	51	
173	173	89	51	
174	174	87	50	
175	175	85	52	
176	176	89	52	
177	177	87	51	
178	178	86	54	
179	179	89	52	
180	180	88	50	
181	181	87	51	
182	182	91	50	
183	183	88	50	
184	184	87	54	
185	185	85	49	
186	186	89	50	
187	187	89	50	
188	188	87	52	
189	189	87	53	
190	190	87	52	
191	191	90	52	
192	192	89	50	
193	193	90	50	
194	194	89	50	
195	195	90	52	
196	196	87	49	
197	197	89	49	
198	198	90	49	
199	199	87	50	
200	200	87	52	
201	201	91	49	
202	202	88	54	
203	203	90	52	
204	204	88	50	
205	205	92	50	
206	206	89	52	
207	207	90	49	
208	208	87	53	
209	209	92	47	
210	210	85	52	
211	211	91	50	
212	212	91	49	
213	213	92	51	
214	214	89	51	
215	215	89	50	
216	216	89	50	
217	217	89	49	
218	218	89	49	
219	219	91	52	
220	220	89	46	
221	221	91	50	
222	222	87	48	
223	223	89	49	
224	224	92	48	
225	225	92	54	
226	226	91	49	
227	227	92	48	
228	228	91	49	
229	229	94	50	
230	230	90	48	
231	231	91	50	
232	232	89	49	
233	233	92	48	
234	234	89	48	
235	235	90	50	
236	236	91	47	
237	237	90	47	
238	238	93	48	
239	239	90	48	
240	240	92	49	
241	241	89	49	
242	242	92	47	
243	243	90	48	
244	244	94	50	
245	245	91	49	
246	246	92	49	
247	247	89	52	
248	248	91	49	
249	249	91	50	
250	250	94	47	
251	251	92	49	
252	252	89	48	
253	253	91	46	
254	254	91	47	
255	255	94	49	
256	256	92	49	
257	257	94	47	
258	258	91	48	
259	259	89	47	
260	260	92	47	
261	261	89	47	
262	262	94	47	
263	263	90	48	
264	264	91	47	
265	265	93	48	
266	266	93	47	
267	267	92	47	
268	268	91	52	
269	269	91	48	
270	270	91	50	
271	271	92	48	
272	272	91	50	
273	273	91	47	
274	274	90	48	
275	275	90	48	
276	276	88	48	
277	277	90	49	
278	278	90	51	
279	279	90	48	
280	280	89	51	
281	281	89	49	
282	282	92	50	
283	283	89	48	
284	284	90	49	
285	285	89	48	
286	286	85	48	
287	287	89	49	
288	288	89	52	
289	289	90	50	
290	290	89	50	
291	291	89	47	
292	292	91	50	
293	293	90	50	
294	294	91	48	
295	295	89	48	
296	296	87	52	
297	297	85	50	
298	298	91	50	
299	299	90	48	
300	300	87	48	
301	301	89	49	
302	302	91	49	
303	303	90	50	
304	304	91	49	
305	305	89	50	
306	306	90	50	
307	307	91	50	
308	308	90	52	
309	309	89	48	
310	310	90	51	
311	311	90	49	
312	312	89	49	
313	313	90	50	
314	314	87	49	
315	315	92	53	
316	316	87	49	
317	317	92	52	
318	318	89	48	
319	319	90	51	
320	320	87	52	
321	321	91	51	
322	322	90	49	
323	323	91	50	
324	324	89	49	
325	325	91	52	
326	326	91	52	
327	327	89	52	
328	328	90	49	
329	329	90	49	
330	330	86	49	
331	331	91	51	
332	332	89	50	
333	333	90	50	
334	334	89	51	
335	335	93	50	
336	336	90	49	
337	337	88	50	
338	338	87	51	
339	339	89	49	
340	340	89	52	
341	341	91	51	
342	342	90	52	
343	343	90	50	
344	344	90	51	
345	345	89	51	
346	346	89	50	
347	347	90	51	
348	348	90	49	
349	349	90	52	
350	350	87	50	
351	351	91	51	
352	352	89	47	
353	353	90	50	
354	354	89	47	
355	355	92	51	
356	356	92	49	
357	357	90	50	
358	358	89	47	
359	359	91	50	
360	360	92	47	
361	361	92	47	
362	362	89	45	
363	363	92	48	
364	364	94	48	
365	365	92	49	
366	366	92	46	
367	367	93	46	
368	368	91	46	
369	369	91	47	
370	370	91	47	
371	371	92	47	
372	372	90	47	
373	373	91	48	
374	374	91	48	
375	375	92	48	
376	376	90	45	
377	377	92	46	
378	378	90	50	
379	379	93	46	
380	380	92	47	
381	381	90	47	
382	382	94	49	
383	383	90	47	
384	384	92	47	
385	385	92	49	
386	386	91	47	
387	387	89	46	
388	388	91	47	
389	389	91	50	
390	390	92	47	
391	391	92	46	
392	392	90	46	
393	393	92	48	
394	394	92	51	
395	395	92	46	
396	396	89	51	
397	397	92	46	
398	398	91	46	
399	399	92	48	
400	400	92	47	
401	401	91	47	
402	402	91	49	
403	403	91	50	
404	404	89	48	
405	405	93	45	
406	406	91	48	
407	407	91	50	
408	408	90	49	
409	409	94	48	
410	410	90	47	
411	411	89	47	
412	412	92	48	
413	413	89	47	
414	414	93	49	
415	415	89	46	
416	416	91	50	
417	417	91	48	
418	418	91	47	
419	419	91	47	
420	420	92	46	
421	421	89	49	
422	422	91	46	
423	423	90	48	
424	424	92	48	
425	425	90	49	
426	426	91	48	
427	427	90	47	
428	428	91	46	
429	429	91	52	
430	430	90	45	
431	431	90	50	
432	432	91	48	
433	433	89	50	
434	434	92	50	
435	435	89	48	
436	436	92	48	
437	437	91	46	
438	438	90	48	
439	439	91	49	
440	440	92	47	
441	441	90	48	
442	442	90	49	
443	443	89	46	
444	444	92	50	
445	445	91	48	
446	446	89	47	
447	447	92	49	
448	448	89	46	
449	449	93	49	
450	450	91	49	
451	451	89	50	
452	452	92	48	
453	453	91	47	
454	454	91	50	
455	455	91	50	
456	456	93	48	
457	457	91	47	
458	458	92	49	
459	459	90	48	
460	460	90	48	
461	461	90	48	
462	462	90	46	
463	463	90	50	
464	464	92	50	
465	465	90	48	
466	466	90	46	
467	467	90	52	
468	468	91	50	
469	469	88	48	
470	470	90	48	
471	471	91	50	
472	472	90	49	
473	473	89	49	
474	474	90	47	
475	475	91	48	
476	476	89	48	
477	477	89	50	
478	478	90	50	
479	479	92	48	
480	480	87	50	
481	481	94	51	
482	482	88	47	
483	483	92	48	
484	484	89	49	
485	485	92	48	
486	486	87	47	
487	487	91	49	
488	488	89	46	
489	489	89	51	
490	490	86	48	
491	491	90	51	
492	492	90	47	
493	493	89	50	
494	494	88	48	
495	495	91	50	
496	496	91	47	
497	497	91	50	
498	498	90	48	
499	499	91	52	
500	500	92	49	
501	501	93	47	
502	502	90	49	
503	503	89	48	
504	504	94	47	
505	505	89	52	
506	506	90	47	
507	507	89	50	
508	508	92	47	
509	509	89	48	
510	510	91	49	
511	511	89	49	
512	512	91	46	
513	513	92	49	
514	514	91	47	
515	515	89	48	
516	516	92	48	
517	517	89	50	
518	518	92	47	
519	519	89	50	
520	520	92	46	
521	521	92	48	
522	522	91	47	
523	523	90	50	
524	524	90	46	
525	525	90	50	
526	526	91	50	
527	527	90	46	
528	528	92	47	
529	529	89	47	
530	530	92	47	
531	531	91	48	
532	532	92	44	
533	533	91	47	
534	534	91	46	
535	535	89	47	
536	536	92	47	
537	537	90	47	
538	538	93	46	
539	539	91	47	
540	540	93	47	
541	541	93	46	
542	542	91	46	
543	543	92	50	
544	544	93	46	
545	545	93	46	
546	546	92	46	
547	547	92	48	
548	548	91	44	
549	549	94	47	
550	550	90	48	
551	551	94	47	
552	552	92	46	
553	553	93	46	
554	554	94	49	
555	555	91	48	
556	556	93	47	
557	557	90	46	
558	558	93	47	
559	559	91	46	
560	560	93	47	
561	561	90	46	
562	562	93	47	
563	563	92	46	
564	564	92	46	
565	565	91	44	
566	566	93	48	
567	567	93	46	
568	568	93	49	
569	569	92	46	
570	570	90	46	
571	571	93	47	
572	572	91	46	
573	573	93	47	
574	574	93	47	
575	575	94	46	
576	576	90	48	
577	577	92	46	
578	578	93	49	
579	579	94	46	
580	580	93	48	
581	581	93	48	
582	582	92	46	
583	583	93	46	
584	584	91	47	
585	585	90	46	
586	586	95	48	
587	587	91	46	
588	588	90	45	
589	589	94	47	
590	590	92	46	
591	591	91	46	
592	592	92	46	
593	593	93	47	
594	594	92	47	
595	595	92	46	
596	596	91	43	
597	597	89	47	
598	598	91	47	
599	599	92	44	
600	600	92	46	
601	601	92	46	
602	602	91	45	
603	603	93	47	
604	604	93	46	
605	605	94	47	
606	606	92	47	
607	607	91	47	
608	608	92	46	
609	609	94	44	
610	610	92	46	
611	611	92	47	
612	612	91	44	
613	613	93	45	
614	614	91	46	
615	615	91	45	
616	616	92	47	
617	617	91	46	
618	618	91	44	
619	619	91	46	
620	620	94	47	
621	621	93	47	
622	622	91	44	
623	623	91	47	
624	624	94	46	
625	625	94	48	
626	626	93	43	
627	627	95	49	
628	628	93	46	
629	629	91	46	
630	630	92	48	
631	631	91	47	
632	632	91	47	
633	633	92	48	
634	634	93	46	
635	635	89	46	
636	636	92	47	
637	637	92	44	
638	638	93	46	
639	639	92	47	
640	640	90	47	
641	641	92	47	
642	642	92	46	
643	643	91	50	
644	644	91	45	
645	645	92	47	
646	646	91	46	
647	647	91	46	
648	648	91	46	
649	649	92	47	
650	650	93	46	
651	651	91	47	
652	652	91	47	
653	653	93	48	
654	654	89	46	
655	655	91	48	
656	656	93	47	
657	657	91	48	
658	658	89	48	
659	659	91	47	
660	660	91	47	
661	661	92	48	
662	662	92	47	
663	663	90	47	
664	664	87	49	
665	665	91	54	
666	666	98	49	
667	667	81	46	
668	668	73	62	
669	669	113	65	
670	670	116	21	
671	671	-55	64	
672	672	-283	367	
673	673	-356	774	
674	674	-277	970	
675	675	-229	926	
676	676	-260	866	
677	677	-316	901	
678	678	-293	903	
679	679	-258	894	
680	680	-252	901	
681	681	-217	862	
682	682	-314	863	
683	683	-303	968	
684	684	17	871	
685	685	516	245	
686	686	678	-514	
687	687	502	-921	
688	688	341	-847	
689	689	382	-669	
690	690	474	-702	
691	691	300	-793	
692	692	36	-697	
693	693	-274	-108	
694	694	-443	731	
695	695	-176	1092	
696	696	-110	1047	
697	697	-254	930	
698	698	-293	950	
699	699	-191	1077	
700	700	54	939	
701	701	594	135	
702	702	519	-594	
703	703	346	-1011	
704	704	155	-891	
705	705	243	-734	
706	706	314	-774	
707	707	127	-837	
708	708	-98	-690	
709	709	-361	14	
710	710	-323	867	
711	711	41	1133	
712	712	82	1090	
713	713	60	884	
714	714	-71	994	
715	715	-55	1180	
716	716	267	919	
717	717	567	62	
718	718	393	-688	
719	719	129	-1057	
720	720	-9	-920	
721	721	98	-762	
722	722	165	-820	
723	723	-15	-855	
724	724	-194	-671	
725	725	-293	14	
726	726	-186	910	
727	727	155	1172	
728	728	204	1103	
729	729	7	1036	
730	730	-30	1063	
731	731	93	1158	
732	732	308	941	
733	733	587	0	
734	734	317	-701	
735	735	50	-1077	
736	736	-75	-910	
737	737	47	-770	
738	738	113	-825	
739	739	-58	-855	
740	740	-219	-664	
741	741	-292	28	
742	742	-165	919	
743	743	185	1175	
744	744	238	1105	
745	745	41	1041	
746	746	1	1076	
747	747	128	1155	
748	748	341	939	
749	749	574	-6	
750	750	292	-711	
751	751	18	-1085	
752	752	-93	-910	
753	753	27	-775	
754	754	91	-833	
755	755	-75	-857	
756	756	-231	-659	
757	757	-290	37	
758	758	-143	928	
759	759	213	1175	
760	760	274	1085	
761	761	175	907	
762	762	65	1019	
763	763	67	1249	
764	764	373	912	
765	765	570	-4	
766	766	291	-720	
767	767	4	-1082	
768	768	-105	-912	
769	769	11	-778	
770	770	78	-834	
771	771	-84	-856	
772	772	-241	-658	
773	773	-291	38	
774	774	-142	928	
775	775	215	1179	
776	776	261	1103	
777	777	54	1045	
778	778	13	1084	
779	779	91	1225	
780	780	328	965	
781	781	600	-40	
782	782	276	-696	
783	783	28	-1098	
784	784	-102	-905	
785	785	26	-781	
786	786	93	-832	
787	787	-71	-856	
788	788	-255	-628	
789	789	-527	317	
790	790	-245	1046	
791	791	299	1069	
792	792	191	1157	
793	793	199	854	
794	794	20	1045	
795	795	83	1190	
796	796	354	912	
797	797	563	15	
798	798	323	-721	
799	799	35	-1073	
800	800	-68	-920	
801	801	45	-767	
802	802	119	-833	
803	803	-49	-852	
804	804	-209	-672	
805	805	-293	20	
806	806	-181	906	
807	807	151	1172	
808	808	218	1084	
809	809	119	901	
810	810	6	1007	
811	811	7	1201	
812	812	313	913	
813	813	561	44	
814	814	358	-698	
815	815	95	-1070	
816	816	-27	-913	
817	817	89	-767	
818	818	158	-821	
819	819	-15	-858	
820	820	-189	-674	
821	821	-294	3	
822	822	-209	899	
823	823	117	1170	
824	824	163	1107	
825	825	-28	1026	
826	826	-75	1057	
827	827	39	1148	
828	828	258	949	
829	829	588	29	
830	830	372	-678	
831	831	131	-1068	
832	832	-9	-909	
833	833	108	-766	
834	834	173	-819	
835	835	-2	-857	
836	836	-177	-674	
837	837	-293	3	
838	838	-206	897	
839	839	124	1174	
840	840	175	1102	
841	841	-16	1032	
842	842	-53	1062	
843	843	56	1157	
844	844	284	948	
845	845	580	23	
846	846	343	-688	
847	847	88	-1080	
848	848	-46	-912	
849	849	68	-773	
850	850	138	-826	
851	851	-41	-856	
852	852	-209	-666	
853	853	-294	26	
854	854	-172	918	
855	855	171	1179	
856	856	222	1106	
857	857	13	1044	
858	858	-49	1105	
859	859	87	1172	
860	860	325	927	
861	861	577	15	
862	862	332	-703	
863	863	65	-1078	
864	864	-52	-916	
865	865	60	-771	
866	866	135	-826	
867	867	-34	-857	
868	868	-210	-664	
869	869	-354	88	
870	870	-205	940	
871	871	188	1142	
872	872	189	1113	
873	873	86	930	
874	874	-28	1039	
875	875	98	1116	
876	876	158	1072	
877	877	-115	736	
878	878	-505	163	
879	879	-810	-136	
880	880	-770	-151	
881	881	-645	-33	
882	882	-690	22	
883	883	-805	-64	
884	884	-541	-303	
885	885	133	-399	
886	886	849	-149	
887	887	1089	186	
888	888	973	240	
889	889	898	117	
890	890	917	131	
891	891	961	156	
892	892	962	124	
893	893	910	143	
894	894	949	126	
895	895	964	115	
896	896	941	134	
897	897	919	151	
898	898	979	80	
899	899	999	60	
900	900	747	335	
901	901	315	824	
902	902	62	1107	
903	903	100	1094	
904	904	209	1012	
905	905	170	1005	
906	906	70	1063	
907	907	172	1107	
908	908	254	1070	
909	909	-39	771	
910	910	-489	224	
911	911	-814	-48	
912	912	-762	-49	
913	913	-647	42	
914	914	-710	86	
915	915	-766	75	
916	916	-519	-183	
917	917	-139	-659	
918	918	54	-981	
919	919	26	-960	
920	920	-49	-851	
921	921	-41	-861	
922	922	-60	-829	
923	923	-34	-869	
924	924	-3	-915	
925	925	-46	-848	
926	926	-17	-895	
927	927	-15	-897	
928	928	-28	-880	
929	929	-45	-851	
930	930	3	-922	
931	931	26	-943	
932	932	-173	-646	
933	933	-538	-165	
934	934	-767	151	
935	935	-758	136	
936	936	-689	5	
937	937	-757	152	
938	938	-751	201	
939	939	-796	103	
940	940	-642	-147	
941	941	68	-451	
942	942	756	-197	
943	943	1108	18	
944	944	959	150	
945	945	895	6	
946	946	874	78	
947	947	946	63	
948	948	962	0	
949	949	893	56	
950	950	935	5	
951	951	938	9	
952	952	955	23	
953	953	927	-6	
954	954	902	-30	
955	955	972	38	
956	956	997	54	
957	957	691	-210	
958	958	160	-680	
959	959	-155	-979	
960	960	-148	-962	
961	961	-25	-835	
962	962	-17	-832	
963	963	-116	-939	
964	964	-123	-945	
965	965	173	-628	
966	966	712	-178	
967	967	1044	79	
968	968	1004	72	
969	969	875	-2	
970	970	938	-51	
971	971	994	-39	
972	972	767	261	
973	973	398	780	
974	974	188	1122	
975	975	213	1112	
976	976	306	1014	
977	977	190	1110	
978	978	146	1108	
979	979	239	1150	
980	980	431	921	
981	981	578	-64	
982	982	190	-745	
983	983	-94	-1094	
984	984	-174	-884	
985	985	-67	-789	
986	986	-36	-876	
987	987	-125	-815	
988	988	-251	-564	
989	989	-575	-76	
990	990	-820	263	
991	991	-704	94	
992	992	-695	85	
993	993	-674	42	
994	994	-767	176	
995	995	-727	124	
996	996	-684	64	
997	997	-702	90	
998	998	-683	81	
999	999	-713	111	
1000	1000	-702	54	
1001	1001	-665	65	
1002	1002	-684	158	
1003	1003	-774	124	
1004	1004	-587	-193	
1005	1005	21	-426	
1006	1006	770	-275	
1007	1007	1074	7	
1008	1008	990	98	
1009	1009	866	-25	
1010	1010	834	8	
1011	1011	972	70	
1012	1012	1016	23	
1013	1013	651	-182	
1014	1014	152	-691	
1015	1015	-149	-989	
1016	1016	-145	-938	
1017	1017	-62	-806	
1018	1018	-31	-901	
1019	1019	-52	-963	
1020	1020	-220	-634	
1021	1021	-542	-109	
1022	1022	-754	209	
1023	1023	-735	174	
1024	1024	-684	46	
1025	1025	-674	95	
1026	1026	-714	214	
1027	1027	-759	105	
1028	1028	-742	22	
1029	1029	-453	332	
1030	1030	43	816	
1031	1031	361	1131	
1032	1032	346	1087	
1033	1033	237	991	
1034	1034	252	1010	
1035	1035	292	1048	
1036	1036	284	1029	
1037	1037	277	1007	
1038	1038	292	1025	
1039	1039	283	1046	
1040	1040	303	1017	
1041	1041	317	991	
1042	1042	272	1065	
1043	1043	256	1089	
1044	1044	449	771	
1045	1045	783	217	
1046	1046	983	-124	
1047	1047	978	-106	
1048	1048	908	44	
1049	1049	879	34	
1050	1050	893	-47	
1051	1051	906	112	
1052	1052	788	361	
1053	1053	132	619	
1054	1054	-583	471	
1055	1055	-799	20	
1056	1056	-764	40	
1057	1057	-636	102	
1058	1058	-740	214	
1059	1059	-741	114	
1060	1060	-695	84	
1061	1061	-742	189	
1062	1062	-705	126	
1063	1063	-683	81	
1064	1064	-723	103	
1065	1065	-683	109	
1066	1066	-663	153	
1067	1067	-729	79	
1068	1068	-755	67	
1069	1069	-436	343	
1070	1070	70	828	
1071	1071	409	1131	
1072	1072	404	1071	
1073	1073	303	946	
1074	1074	277	1042	
1075	1075	305	1103	
1076	1076	479	758	
1077	1077	779	175	
1078	1078	977	-162	
1079	1079	964	-151	
1080	1080	884	-19	
1081	1081	879	-12	
1082	1082	924	-90	
1083	1083	948	-136	
1084	1084	783	174	
1085	1085	461	812	
1086	1086	317	1118	
1087	1087	343	1102	
1088	1088	423	998	
1089	1089	333	1107	
1090	1090	272	1155	
1091	1091	381	1154	
1092	1092	556	856	
1093	1093	545	-108	
1094	1094	71	-776	
1095	1095	-241	-1067	
1096	1096	-294	-855	
1097	1097	-176	-776	
1098	1098	-158	-868	
1099	1099	-237	-789	
1100	1100	-334	-517	
1101	1101	-574	24	
1102	1102	-762	409	
1103	1103	-669	229	
1104	1104	-660	223	
1105	1105	-647	179	
1106	1106	-708	338	
1107	1107	-679	280	
1108	1108	-649	226	
1109	1109	-659	252	
1110	1110	-651	241	
1111	1111	-655	276	
1112	1112	-646	262	
1113	1113	-651	279	
1114	1114	-644	274	
1115	1115	-645	287	
1116	1116	-636	284	
1117	1117	-638	285	
1118	1118	-633	291	
1119	1119	-642	320	
1120	1120	-629	287	
1121	1121	-618	256	
1122	1122	-644	347	
1123	1123	-655	371	
1124	1124	-541	6	
1125	1125	-357	-570	
1126	1126	-257	-960	
1127	1127	-262	-944	
1128	1128	-309	-787	
1129	1129	-304	-770	
1130	1130	-281	-842	
1131	1131	-309	-732	
1132	1132	-383	-483	
1133	1133	-574	90	
1134	1134	-693	494	
1135	1135	-635	296	
1136	1136	-659	266	
1137	1137	-613	229	
1138	1138	-649	396	
1139	1139	-706	270	
1140	1140	-712	199	
1141	1141	-407	534	
1142	1142	172	864	
1143	1143	569	1053	
1144	1144	507	1070	
1145	1145	395	962	
1146	1146	399	995	
1147	1147	447	1019	
1148	1148	425	1008	
1149	1149	412	997	
1150	1150	421	998	
1151	1151	427	1005	
1152	1152	449	1020	
1153	1153	416	998	
1154	1154	388	975	
1155	1155	468	1036	
1156	1156	495	1052	
1157	1157	148	800	
1158	1158	-406	387	
1159	1159	-780	158	
1160	1160	-754	135	
1161	1161	-597	209	
1162	1162	-625	284	
1163	1163	-761	210	
1164	1164	-605	-129	
1165	1165	-22	-407	
1166	1166	719	-334	
1167	1167	1060	-90	
1168	1168	977	41	
1169	1169	828	-50	
1170	1170	855	-110	
1171	1171	917	78	
1172	1172	804	319	
1173	1173	159	610	
1174	1174	-540	527	
1175	1175	-784	79	
1176	1176	-768	84	
1177	1177	-607	159	
1178	1178	-677	304	
1179	1179	-756	150	
1180	1180	-734	85	
1181	1181	-412	391	
1182	1182	110	826	
1183	1183	441	1127	
1184	1184	440	1058	
1185	1185	337	947	
1186	1186	318	1039	
1187	1187	348	1102	
1188	1188	505	742	
1189	1189	786	142	
1190	1190	961	-193	
1191	1191	945	-168	
1192	1192	901	-56	
1193	1193	881	-85	
1194	1194	845	-98	
1195	1195	940	-76	
1196	1196	981	-103	
1197	1197	613	-271	
1198	1198	20	-711	
1199	1199	-315	-943	
1200	1200	-287	-922	
1201	1201	-183	-832	
1202	1202	-204	-849	
1203	1203	-247	-880	
1204	1204	-238	-866	
1205	1205	-225	-856	
1206	1206	-235	-858	
1207	1207	-241	-860	
1208	1208	-266	-874	
1209	1209	-241	-849	
1210	1210	-210	-829	
1211	1211	-295	-884	
1212	1212	-326	-895	
1213	1213	-12	-665	
1214	1214	610	-305	
1215	1215	996	-132	
1216	1216	975	-118	
1217	1217	808	-174	
1218	1218	825	-246	
1219	1219	962	-199	
1220	1220	850	154	
1221	1221	255	546	
1222	1222	-429	538	
1223	1223	-782	276	
1224	1224	-708	175	
1225	1225	-595	286	
1226	1226	-660	369	
1227	1227	-684	302	
1228	1228	-642	237	
1229	1229	-634	279	
1230	1230	-637	256	
1231	1231	-652	278	
1232	1232	-666	245	
1233	1233	-637	274	
1234	1234	-609	283	
1235	1235	-690	234	
1236	1236	-719	214	
1237	1237	-367	431	
1238	1238	193	838	
1239	1239	555	1091	
1240	1240	529	1038	
1241	1241	410	924	
1242	1242	387	1030	
1243	1243	415	1086	
1244	1244	542	727	
1245	1245	780	104	
1246	1246	943	-226	
1247	1247	927	-196	
1248	1248	894	-73	
1249	1249	879	-102	
1250	1250	863	-138	
1251	1251	946	-94	
1252	1252	972	-75	
1253	1253	619	-246	
1254	1254	43	-690	
1255	1255	-267	-968	
1256	1256	-245	-925	
1257	1257	-129	-844	
1258	1258	-142	-858	
1259	1259	-171	-897	
1260	1260	-159	-878	
1261	1261	-149	-858	
1262	1262	-156	-876	
1263	1263	-149	-898	
1264	1264	-156	-866	
1265	1265	-172	-842	
1266	1266	-134	-917	
1267	1267	-123	-945	
1268	1268	-273	-609	
1269	1269	-561	-72	
1270	1270	-735	282	
1271	1271	-713	251	
1272	1272	-652	131	
1273	1273	-667	158	
1274	1274	-723	262	
1275	1275	-703	223	
1276	1276	-663	150	
1277	1277	-680	175	
1278	1278	-671	156	
1279	1279	-686	187	
1280	1280	-676	170	
1281	1281	-678	185	
1282	1282	-675	185	
1283	1283	-672	198	
1284	1284	-672	199	
1285	1285	-666	209	
1286	1286	-655	225	
1287	1287	-659	227	
1288	1288	-673	232	
1289	1289	-638	262	
1290	1290	-605	294	
1291	1291	-679	251	
1292	1292	-706	241	
1293	1293	-348	453	
1294	1294	245	834	
1295	1295	631	1062	
1296	1296	618	1001	
1297	1297	506	896	
1298	1298	508	998	
1299	1299	556	1048	
1300	1300	638	666	
1301	1301	772	10	
1302	1302	874	-344	
1303	1303	864	-330	
1304	1304	823	-186	
1305	1305	825	-172	
1306	1306	845	-239	
1307	1307	820	-138	
1308	1308	759	107	
1309	1309	629	667	
1310	1310	520	1132	
1311	1311	550	1009	
1312	1312	566	943	
1313	1313	561	939	
1314	1314	525	1069	
1315	1315	535	1014	
1316	1316	556	949	
1317	1317	538	975	
1318	1318	531	951	
1319	1319	520	985	
1320	1320	546	984	
1321	1321	502	978	
1322	1322	469	955	
1323	1323	543	1015	
1324	1324	566	1031	
1325	1325	196	813	
1326	1326	-389	424	
1327	1327	-761	195	
1328	1328	-729	222	
1329	1329	-606	294	
1330	1330	-628	271	
1331	1331	-671	236	
1332	1332	-662	236	
1333	1333	-650	244	
1334	1334	-661	229	
1335	1335	-665	220	
1336	1336	-668	218	
1337	1337	-668	214	
1338	1338	-671	209	
1339	1339	-668	209	
1340	1340	-671	204	
1341	1341	-668	191	
1342	1342	-666	201	
1343	1343	-675	224	
1344	1344	-661	195	
1345	1345	-646	171	
1346	1346	-684	251	
1347	1347	-696	286	
1348	1348	-539	-61	
1349	1349	-292	-616	
1350	1350	-164	-971	
1351	1351	-191	-943	
1352	1352	-260	-834	
1353	1353	-226	-823	
1354	1354	-205	-805	
1355	1355	-285	-878	
1356	1356	-308	-920	
1357	1357	-14	-646	
1358	1358	611	-319	
1359	1359	986	-122	
1360	1360	975	-143	
1361	1361	819	-225	
1362	1362	800	-229	
1363	1363	927	-165	
1364	1364	938	-164	
1365	1365	558	-345	
1366	1366	-49	-693	
1367	1367	-397	-929	
1368	1368	-396	-882	
1369	1369	-249	-761	
1370	1370	-218	-846	
1371	1371	-327	-952	
1372	1372	-446	-586	
1373	1373	-260	222	
1374	1374	206	950	
1375	1375	613	1126	
1376	1376	637	990	
1377	1377	459	926	
1378	1378	407	1035	
1379	1379	539	1075	
1380	1380	574	1008	
1381	1381	180	794	
1382	1382	-390	400	
1383	1383	-770	212	
1384	1384	-724	186	
1385	1385	-593	239	
1386	1386	-647	295	
1387	1387	-700	285	
1388	1388	-541	-62	
1389	1389	-275	-602	
1390	1390	-139	-976	
1391	1391	-148	-970	
1392	1392	-222	-830	
1393	1393	-191	-799	
1394	1394	-127	-862	
1395	1395	-238	-810	
1396	1396	-396	-537	
1397	1397	-482	527	
1398	1398	-52	1170	
1399	1399	538	992	
1400	1400	413	1178	
1401	1401	299	976	
1402	1402	197	1144	
1403	1403	370	1124	
1404	1404	503	910	
1405	1405	549	-100	
1406	1406	129	-752	
1407	1407	-170	-1082	
1408	1408	-219	-884	
1409	1409	-97	-826	
1410	1410	-100	-857	
1411	1411	-133	-902	
1412	1412	-111	-901	
1413	1413	-120	-852	
1414	1414	-110	-894	
1415	1415	-122	-886	
1416	1416	-116	-893	
1417	1417	-118	-883	
1418	1418	-114	-890	
1419	1419	-116	-888	
1420	1420	-116	-893	
1421	1421	-117	-888	
1422	1422	-115	-890	
1423	1423	-116	-888	
1424	1424	-116	-890	
1425	1425	-113	-888	
1426	1426	-113	-889	
1427	1427	-108	-888	
1428	1428	-101	-887	
1429	1429	-95	-891	
1430	1430	-90	-892	
1431	1431	-79	-890	
1432	1432	-75	-893	
1433	1433	-63	-890	
1434	1434	-57	-890	
1435	1435	-46	-892	
1436	1436	-34	-893	
1437	1437	-26	-891	
1438	1438	-19	-890	
1439	1439	-11	-889	
1440	1440	-1	-890	
1441	1441	5	-888	
1442	1442	11	-890	
1443	1443	20	-888	
1444	1444	27	-891	
1445	1445	30	-888	
1446	1446	36	-890	
1447	1447	41	-889	
1448	1448	43	-885	
1449	1449	44	-885	
1450	1450	47	-886	
1451	1451	50	-884	
1452	1452	54	-889	
1453	1453	50	-884	
1454	1454	49	-884	
1455	1455	41	-886	
1456	1456	41	-884	
1457	1457	36	-888	
1458	1458	34	-889	
1459	1459	33	-890	
1460	1460	25	-889	
1461	1461	20	-889	
1462	1462	15	-889	
1463	1463	3	-889	
1464	1464	-12	-890	
1465	1465	-20	-890	
1466	1466	-29	-889	
1467	1467	-44	-890	
1468	1468	-52	-889	
1469	1469	-66	-890	
1470	1470	-75	-889	
1471	1471	-82	-889	
1472	1472	-89	-887	
1473	1473	-93	-890	
1474	1474	-95	-888	
1475	1475	-100	-888	
1476	1476	-103	-882	
1477	1477	-108	-878	
1478	1478	-111	-882	
1479	1479	-101	-902	
1480	1480	-121	-875	
1481	1481	-133	-848	
1482	1482	-97	-922	
1483	1483	-86	-948	
1484	1484	-245	-625	
1485	1485	-556	-106	
1486	1486	-750	242	
1487	1487	-738	226	
1488	1488	-652	84	
1489	1489	-667	101	
1490	1490	-838	410	
1491	1491	-871	478	
1492	1492	-537	-105	
1493	1493	-259	-601	
1494	1494	-99	-963	
1495	1495	-94	-988	
1496	1496	-174	-822	
1497	1497	-150	-865	
1498	1498	-176	-808	
1499	1499	-156	-863	
1500	1500	-133	-913	
1501	1501	-162	-854	
1502	1502	-140	-896	
1503	1503	-148	-879	
1504	1504	-146	-889	
1505	1505	-149	-884	
1506	1506	-148	-884	
1507	1507	-147	-886	
1508	1508	-152	-884	
1509	1509	-150	-884	
1510	1510	-158	-881	
1511	1511	-161	-882	
1512	1512	-166	-878	
1513	1513	-164	-884	
1514	1514	-175	-882	
1515	1515	-175	-880	
1516	1516	-180	-878	
1517	1517	-182	-876	
1518	1518	-180	-868	
1519	1519	-193	-872	
1520	1520	-217	-884	
1521	1521	-194	-861	
1522	1522	-175	-841	
1523	1523	-253	-897	
1524	1524	-285	-912	
1525	1525	20	-676	
1526	1526	634	-288	
1527	1527	1001	-98	
1528	1528	966	-130	
1529	1529	837	-204	
1530	1530	852	-198	
1531	1531	894	-178	
1532	1532	872	-195	
1533	1533	847	-201	
1534	1534	855	-208	
1535	1535	862	-229	
1536	1536	873	-194	
1537	1537	828	-192	
1538	1538	820	-282	
1539	1539	909	-277	
1540	1540	846	78	
1541	1541	321	538	
1542	1542	-365	600	
1543	1543	-734	385	
1544	1544	-673	280	
1545	1545	-546	380	
1546	1546	-588	479	
1547	1547	-627	416	
1548	1548	-588	347	
1549	1549	-577	392	
1550	1550	-587	365	
1551	1551	-589	400	
1552	1552	-585	390	
1553	1553	-586	402	
1554	1554	-581	398	
1555	1555	-581	399	
1556	1556	-580	398	
1557	1557	-573	393	
1558	1558	-565	404	
1559	1559	-577	422	
1560	1560	-595	376	
1561	1561	-556	356	
1562	1562	-541	463	
1563	1563	-636	452	
1564	1564	-597	49	
1565	1565	-145	-388	
1566	1566	559	-494	
1567	1567	957	-311	
1568	1568	911	-179	
1569	1569	750	-230	
1570	1570	753	-288	
1571	1571	871	-132	
1572	1572	832	121	
1573	1573	327	495	
1574	1574	-362	663	
1575	1575	-724	379	
1576	1576	-677	318	
1577	1577	-565	500	
1578	1578	-602	534	
1579	1579	-630	467	
1580	1580	-556	163	
1581	1581	-377	-606	
1582	1582	-345	-881	
1583	1583	-345	-943	
1584	1584	-407	-743	
1585	1585	-369	-734	
1586	1586	-325	-782	
1587	1587	-435	-708	
1588	1588	-513	-473	
1589	1589	-245	231	
1590	1590	292	997	
1591	1591	719	1066	
1592	1592	704	942	
1593	1593	564	840	
1594	1594	537	1052	
1595	1595	561	1154	
1596	1596	645	694	
1597	1597	761	26	
1598	1598	847	-322	
1599	1599	862	-365	
1600	1600	835	-162	
1601	1601	812	-191	
1602	1602	795	-247	
1603	1603	861	-117	
1604	1604	830	146	
1605	1605	327	510	
1606	1606	-390	642	
1607	1607	-742	344	
1608	1608	-689	287	
1609	1609	-593	479	
1610	1610	-638	560	
1611	1611	-675	507	
1612	1612	-565	142	
1613	1613	-350	-629	
1614	1614	-307	-890	
1615	1615	-305	-961	
1616	1616	-371	-758	
1617	1617	-334	-753	
1618	1618	-283	-819	
1619	1619	-396	-742	
1620	1620	-488	-490	
1621	1621	-255	203	
1622	1622	244	1007	
1623	1623	673	1086	
1624	1624	658	969	
1625	1625	531	856	
1626	1626	500	1065	
1627	1627	518	1175	
1628	1628	622	707	
1629	1629	779	-7	
1630	1630	870	-320	
1631	1631	872	-325	
1632	1632	850	-153	
1633	1633	815	-167	
1634	1634	809	-235	
1635	1635	863	-98	
1636	1636	831	151	
1637	1637	321	516	
1638	1638	-378	649	
1639	1639	-729	340	
1640	1640	-699	286	
1641	1641	-537	365	
1642	1642	-553	502	
1643	1643	-673	387	
1644	1644	-666	311	
1645	1645	-287	532	
1646	1646	324	814	
1647	1647	718	1015	
1648	1648	692	976	
1649	1649	556	923	
1650	1650	577	933	
1651	1651	628	959	
1652	1652	615	942	
1653	1653	603	922	
1654	1654	613	936	
1655	1655	617	959	
1656	1656	623	924	
1657	1657	629	893	
1658	1658	609	983	
1659	1659	603	1015	
1660	1660	668	631	
1661	1661	778	-22	
1662	1662	831	-392	
1663	1663	831	-369	
1664	1664	826	-209	
1665	1665	793	-209	
1666	1666	781	-282	
1667	1667	848	-144	
1668	1668	829	111	
1669	1669	343	500	
1670	1670	-357	664	
1671	1671	-720	386	
1672	1672	-666	310	
1673	1673	-526	327	
1674	1674	-586	509	
1675	1675	-650	575	
1676	1676	-541	116	
1677	1677	-401	-520	
1678	1678	-359	-895	
1679	1679	-358	-926	
1680	1680	-388	-746	
1681	1681	-379	-783	
1682	1682	-380	-733	
1683	1683	-373	-791	
1684	1684	-363	-849	
1685	1685	-379	-776	
1686	1686	-359	-824	
1687	1687	-371	-801	
1688	1688	-391	-825	
1689	1689	-359	-802	
1690	1690	-329	-791	
1691	1691	-417	-829	
1692	1692	-447	-848	
1693	1693	-100	-670	
1694	1694	543	-379	
1695	1695	943	-217	
1696	1696	931	-228	
1697	1697	770	-292	
1698	1698	757	-290	
1699	1699	896	-233	
1700	1700	907	-224	
1701	1701	515	-383	
1702	1702	-95	-690	
1703	1703	-464	-896	
1704	1704	-458	-850	
1705	1705	-307	-738	
1706	1706	-278	-825	
1707	1707	-404	-923	
1708	1708	-494	-546	
1709	1709	-241	256	
1710	1710	284	947	
1711	1711	705	1086	
1712	1712	722	943	
1713	1713	544	895	
1714	1714	507	1005	
1715	1715	658	1031	
1716	1716	687	958	
1717	1717	287	798	
1718	1718	-307	490	
1719	1719	-707	342	
1720	1720	-688	343	
1721	1721	-522	428	
1722	1722	-513	422	
1723	1723	-645	364	
1724	1724	-655	361	
1725	1725	-269	540	
1726	1726	329	819	
1727	1727	743	990	
1728	1728	730	977	
1729	1729	557	903	
1730	1730	546	906	
1731	1731	684	969	
1732	1732	693	974	
1733	1733	299	792	
1734	1734	-304	514	
1735	1735	-694	348	
1736	1736	-684	359	
1737	1737	-515	432	
1738	1738	-507	430	
1739	1739	-644	362	
1740	1740	-658	360	
1741	1741	-272	538	
1742	1742	335	825	
1743	1743	739	995	
1744	1744	705	974	
1745	1745	564	912	
1746	1746	586	930	
1747	1747	633	955	
1748	1748	618	942	
1749	1749	596	923	
1750	1750	607	941	
1751	1751	606	967	
1752	1752	607	930	
1753	1753	612	902	
1754	1754	592	995	
1755	1755	586	1024	
1756	1756	657	645	
1757	1757	783	-8	
1758	1758	846	-370	
1759	1759	849	-351	
1760	1760	833	-194	
1761	1761	805	-197	
1762	1762	795	-290	
1763	1763	857	-144	
1764	1764	833	131	
1765	1765	342	499	
1766	1766	-356	670	
1767	1767	-722	371	
1768	1768	-691	319	
1769	1769	-550	509	
1770	1770	-545	564	
1771	1771	-663	456	
1772	1772	-627	158	
1773	1773	-127	-406	
1774	1774	545	-432	
1775	1775	955	-365	
1776	1776	903	-179	
1777	1777	751	-298	
1778	1778	730	-236	
1779	1779	867	-248	
1780	1780	890	-303	
1781	1781	469	-373	
1782	1782	-148	-694	
1783	1783	-544	-838	
1784	1784	-543	-809	
1785	1785	-383	-697	
1786	1786	-364	-795	
1787	1787	-502	-867	
1788	1788	-555	-482	
1789	1789	-217	300	
1790	1790	391	928	
1791	1791	828	1017	
1792	1792	828	866	
1793	1793	646	842	
1794	1794	629	960	
1795	1795	780	959	
1796	1796	803	876	
1797	1797	388	767	
1798	1798	-244	552	
1799	1799	-644	482	
1800	1800	-605	452	
1801	1801	-467	468	
1802	1802	-492	543	
1803	1803	-542	559	
1804	1804	-513	166	
1805	1805	-468	-456	
1806	1806	-467	-870	
1807	1807	-476	-858	
1808	1808	-507	-691	
1809	1809	-468	-669	
1810	1810	-427	-730	
1811	1811	-529	-641	
1812	1812	-571	-393	
1813	1813	-219	280	
1814	1814	418	977	
1815	1815	849	982	
1816	1816	815	867	
1817	1817	668	774	
1818	1818	675	1007	
1819	1819	716	1175	
1820	1820	725	638	
1821	1821	746	-150	
1822	1822	756	-428	
1823	1823	764	-486	
1824	1824	775	-265	
1825	1825	749	-289	
1826	1826	719	-347	
1827	1827	806	-222	
1828	1828	820	26	
1829	1829	393	480	
1830	1830	-282	728	
1831	1831	-668	484	
1832	1832	-622	392	
1833	1833	-489	386	
1834	1834	-531	527	
1835	1835	-595	623	
1836	1836	-531	180	
1837	1837	-431	-529	
1838	1838	-413	-874	
1839	1839	-421	-910	
1840	1840	-436	-712	
1841	1841	-436	-712	
1842	1842	-422	-778	
1843	1843	-438	-664	
1844	1844	-467	-410	
1845	1845	-531	126	
1846	1846	-569	616	
1847	1847	-556	507	
1848	1848	-561	399	
1849	1849	-522	367	
1850	1850	-505	541	
1851	1851	-603	626	
1852	1852	-595	180	
1853	1853	-179	-366	
1854	1854	484	-503	
1855	1855	893	-442	
1856	1856	859	-249	
1857	1857	697	-316	
1858	1858	685	-369	
1859	1859	814	-237	
1860	1860	819	10	
1861	1861	397	561	
1862	1862	-231	800	
1863	1863	-609	498	
1864	1864	-571	511	
1865	1865	-431	510	
1866	1866	-444	671	
1867	1867	-486	594	
1868	1868	-460	535	
1869	1869	-438	566	
1870	1870	-446	558	
1871	1871	-438	616	
1872	1872	-435	568	
1873	1873	-431	555	
1874	1874	-414	647	
1875	1875	-404	687	
1876	1876	-463	286	
1877	1877	-572	-354	
1878	1878	-645	-754	
1879	1879	-655	-710	
1880	1880	-657	-569	
1881	1881	-623	-578	
1882	1882	-590	-576	
1883	1883	-692	-609	
1884	1884	-738	-629	
1885	1885	-330	-554	
1886	1886	306	-538	
1887	1887	727	-509	
1888	1888	706	-522	
1889	1889	534	-532	
1890	1890	527	-522	
1891	1891	674	-509	
1892	1892	689	-506	
1893	1893	282	-539	
1894	1894	-340	-599	
1895	1895	-761	-638	
1896	1896	-745	-634	
1897	1897	-563	-618	
1898	1898	-548	-625	
1899	1899	-692	-649	
1900	1900	-703	-646	
1901	1901	-286	-584	
1902	1902	345	-514	
1903	1903	764	-487	
1904	1904	757	-456	
1905	1905	590	-443	
1906	1906	574	-529	
1907	1907	717	-531	
1908	1908	783	-156	
1909	1909	443	444	
1910	1910	-167	747	
1911	1911	-555	654	
1912	1912	-540	511	
1913	1913	-396	695	
1914	1914	-415	712	
1915	1915	-469	670	
1916	1916	-477	338	
1917	1917	-519	-484	
1918	1918	-555	-763	
1919	1919	-575	-832	
1920	1920	-584	-610	
1921	1921	-545	-618	
1922	1922	-517	-697	
1923	1923	-603	-586	
1924	1924	-613	-311	
1925	1925	-186	316	
1926	1926	519	944	
1927	1927	944	894	
1928	1928	918	811	
1929	1929	745	902	
1930	1930	737	1002	
1931	1931	874	968	
1932	1932	860	606	
1933	1933	390	-279	
1934	1934	-268	-734	
1935	1935	-678	-872	
1936	1936	-630	-651	
1937	1937	-475	-628	
1938	1938	-492	-732	
1939	1939	-532	-623	
1940	1940	-512	-346	
1941	1941	-495	192	
1942	1942	-511	678	
1943	1943	-514	558	
1944	1944	-537	463	
1945	1945	-516	586	
1946	1946	-492	652	
1947	1947	-594	653	
1948	1948	-599	270	
1949	1949	-171	-434	
1950	1950	506	-449	
1951	1951	917	-447	
1952	1952	863	-208	
1953	1953	738	-291	
1954	1954	764	-337	
1955	1955	806	-215	
1956	1956	750	95	
1957	1957	627	1064	
1958	1958	632	1290	
1959	1959	703	778	
1960	1960	670	999	
1961	1961	694	789	
1962	1962	668	1052	
1963	1963	689	928	
1964	1964	695	895	
1965	1965	689	998	
1966	1966	687	911	
1967	1967	702	869	
1968	1968	729	912	
1969	1969	697	872	
1970	1970	669	870	
1971	1971	764	898	
1972	1972	796	903	
1973	1973	399	786	
1974	1974	-238	566	
1975	1975	-647	449	
1976	1976	-630	452	
1977	1977	-463	511	
1978	1978	-453	502	
1979	1979	-590	462	
1980	1980	-602	449	
1981	1981	-220	576	
1982	1982	408	792	
1983	1983	822	954	
1984	1984	814	903	
1985	1985	636	819	
1986	1986	622	910	
1987	1987	764	990	
1988	1988	802	592	
1989	1989	429	-196	
1990	1990	-187	-797	
1991	1991	-600	-880	
1992	1992	-594	-733	
1993	1993	-416	-689	
1994	1994	-409	-653	
1995	1995	-542	-751	
1996	1996	-559	-817	
1997	1997	-176	-606	
1998	1998	465	-454	
1999	1999	880	-314	
2000	2000	866	-338	
2001	2001	694	-380	
2002	2002	684	-383	
2003	2003	822	-335	
2004	2004	843	-331	
2005	2005	432	-461	
2006	2006	-204	-672	
2007	2007	-601	-803	
2008	2008	-566	-780	
2009	2009	-427	-734	
2010	2010	-449	-746	
2011	2011	-499	-762	
2012	2012	-481	-754	
2013	2013	-467	-735	
2014	2014	-488	-745	
2015	2015	-492	-768	
2016	2016	-492	-732	
2017	2017	-500	-694	
2018	2018	-498	-786	
2019	2019	-500	-814	
2020	2020	-509	-419	
2021	2021	-516	220	
2022	2022	-515	633	
2023	2023	-508	594	
2024	2024	-504	454	
2025	2025	-507	484	
2026	2026	-513	609	
2027	2027	-508	561	
2028	2028	-507	478	
2029	2029	-507	510	
2030	2030	-499	488	
2031	2031	-506	516	
2032	2032	-527	495	
2033	2033	-492	514	
2034	2034	-460	521	
2035	2035	-547	500	
2036	2036	-581	484	
2037	2037	-201	590	
2038	2038	449	783	
2039	2039	890	901	
2040	2040	879	848	
2041	2041	710	770	
2042	2042	705	859	
2043	2043	860	916	
2044	2044	855	518	
2045	2045	383	-226	
2046	2046	-300	-762	
2047	2047	-732	-803	
2048	2048	-681	-614	
2049	2049	-532	-574	
2050	2050	-569	-678	
2051	2051	-607	-550	
2052	2052	-557	-272	
2053	2053	-455	278	
2054	2054	-396	783	
2055	2055	-417	646	
2056	2056	-422	541	
2057	2057	-154	176	
2058	2058	196	-55	
2059	2059	23	87	
2060	2060	122	2	
2061	2061	58	68	
2062	2062	98	28	
2063	2063	71	55	
2064	2064	89	35	
2065	2065	77	47	
2066	2066	84	39	
2067	2067	78	47	
2068	2068	84	40	
2069	2069	77	47	
2070	2070	81	40	
2071	2071	79	44	
2072	2072	80	39	
2073	2073	79	42	
2074	2074	80	44	
2075	2075	79	43	
2076	2076	81	43	
2077	2077	79	44	
2078	2078	79	41	
2079	2079	81	44	
2080	2080	82	43	
2081	2081	81	42	
2082	2082	81	40	
2083	2083	79	42	
2084	2084	79	42	
2085	2085	81	43	
2086	2086	79	42	
2087	2087	83	42	
2088	2088	77	40	
2089	2089	81	42	
2090	2090	79	41	
2091	2091	79	43	
2092	2092	77	42	
2093	2093	79	41	
2094	2094	81	42	
2095	2095	79	42	
2096	2096	81	44	
2097	2097	81	44	
2098	2098	79	44	
2099	2099	81	42	
2100	2100	81	39	
2101	2101	79	44	
2102	2102	82	43	
2103	2103	79	41	
2104	2104	79	43	
2105	2105	77	42	
2106	2106	81	44	
2107	2107	79	41	
2108	2108	78	44	
2109	2109	79	44	
2110	2110	79	42	
2111	2111	79	40	
2112	2112	78	44	
2113	2113	81	44	
2114	2114	81	44	
2115	2115	82	44	
2116	2116	79	41	
2117	2117	79	41	
2118	2118	82	44	
2119	2119	81	44	
2120	2120	78	43	
2121	2121	81	43	
2122	2122	81	43	
2123	2123	81	42	
2124	2124	81	43	
2125	2125	78	40	
2126	2126	81	45	
2127	2127	79	44	
2128	2128	82	42	
2129	2129	79	42	
2130	2130	78	40	
2131	2131	81	44	
2132	2132	79	42	
2133	2133	79	42	
2134	2134	79	41	
2135	2135	80	41	
2136	2136	81	40	
2137	2137	79	43	
2138	2138	79	44	
2139	2139	79	43	
2140	2140	83	42	
2141	2141	79	43	
2142	2142	81	46	
2143	2143	82	42	
2144	2144	80	41	
2145	2145	81	44	
2146	2146	78	44	
2147	2147	79	45	
2148	2148	80	42	
2149	2149	81	44	
2150	2150	79	42	
2151	2151	79	42	
2152	2152	77	41	
2153	2153	79	41	
2154	2154	79	42	
2155	2155	79	44	
2156	2156	81	44	
2157	2157	79	44	
2158	2158	81	43	
2159	2159	79	46	
2160	2160	79	44	
2161	2161	77	46	
2162	2162	81	44	
2163	2163	81	44	
2164	2164	79	44	
2165	2165	77	41	
2166	2166	79	42	
2167	2167	81	46	
2168	2168	77	43	
2169	2169	79	40	
2170	2170	80	41	
2171	2171	79	44	
2172	2172	81	41	
2173	2173	79	44	
2174	2174	79	44	
2175	2175	78	41	
2176	2176	79	44	
2177	2177	80	42	
2178	2178	77	44	
2179	2179	80	40	
2180	2180	79	44	
2181	2181	80	44	
2182	2182	79	41	
2183	2183	79	44	
2184	2184	79	41	
2185	2185	79	44	
2186	2186	81	43	
2187	2187	78	42	
2188	2188	78	42	
2189	2189	81	44	
2190	2190	81	44	
2191	2191	78	43	
2192	2192	79	40	
2193	2193	81	45	
2194	2194	80	42	
2195	2195	80	44	
2196	2196	79	43	
2197	2197	81	44	
2198	2198	80	44	
2199	2199	78	43	
2200	2200	79	41	
2201	2201	79	43	
2202	2202	80	44	
2203	2203	79	44	
2204	2204	79	42	
2205	2205	79	43	
2206	2206	78	45	
2207	2207	78	43	
2208	2208	78	44	
2209	2209	79	42	
2210	2210	79	42	
2211	2211	81	45	
2212	2212	76	42	
2213	2213	79	41	
2214	2214	77	48	
2215	2215	82	40	
2216	2216	79	44	
2217	2217	79	42	
2218	2218	77	41	
2219	2219	79	44	
2220	2220	79	41	
2221	2221	79	44	
2222	2222	79	42	
2223	2223	78	43	
2224	2224	80	44	
2225	2225	77	44	
2226	2226	79	43	
2227	2227	81	43	
2228	2228	77	41	
2229	2229	78	44	
2230	2230	77	42	
2231	2231	81	46	
2232	2232	79	44	
2233	2233	79	43	
2234	2234	77	45	
2235	2235	81	41	
2236	2236	80	45	
2237	2237	81	44	
2238	2238	78	42	
2239	2239	79	41	
2240	2240	81	45	
2241	2241	81	43	
2242	2242	79	41	
2243	2243	82	43	
2244	2244	77	45	
2245	2245	79	43	
2246	2246	81	44	
2247	2247	77	41	
2248	2248	78	44	
2249	2249	77	42	
2250	2250	81	43	
2251	2251	79	44	
2252	2252	76	43	
2253	2253	79	42	
2254	2254	81	43	
2255	2255	79	42	
2256	2256	79	41	
2257	2257	80	44	
2258	2258	80	41	
2259	2259	81	45	
2260	2260	80	41	
2261	2261	81	43	
2262	2262	78	44	
2263	2263	79	42	
2264	2264	81	46	
2265	2265	81	43	
2266	2266	79	45	
2267	2267	82	42	
2268	2268	77	43	
2269	2269	81	40	
2270	2270	79	44	
2271	2271	81	43	
2272	2272	79	44	
2273	2273	79	41	
2274	2274	80	43	
2275	2275	81	42	
2276	2276	80	42	
2277	2277	78	41	
2278	2278	79	43	
2279	2279	76	42	
2280	2280	81	44	
2281	2281	77	42	
2282	2282	77	43	
2283	2283	79	44	
2284	2284	79	44	
2285	2285	79	43	
2286	2286	79	41	
2287	2287	80	44	
2288	2288	77	42	
2289	2289	79	46	
2290	2290	77	41	
2291	2291	79	46	
2292	2292	81	41	
2293	2293	76	43	
2294	2294	81	46	
2295	2295	81	44	
2296	2296	77	45	
2297	2297	77	43	
2298	2298	81	44	
2299	2299	76	43	
2300	2300	79	43	
2301	2301	79	43	
2302	2302	79	42	
2303	2303	81	41	
2304	2304	80	44	
2305	2305	78	42	
2306	2306	81	44	
2307	2307	77	39	
2308	2308	81	41	
2309	2309	81	43	
2310	2310	80	44	
2311	2311	79	42	
2312	2312	79	40	
2313	2313	82	41	
2314	2314	79	42	
2315	2315	79	43	
2316	2316	81	41	
2317	2317	81	41	
2318	2318	80	44	
2319	2319	79	39	
2320	2320	79	40	
2321	2321	77	40	
2322	2322	79	41	
2323	2323	81	44	
2324	2324	81	41	
2325	2325	81	40	
2326	2326	83	43	
2327	2327	81	41	
2328	2328	82	40	
2329	2329	81	41	
2330	2330	81	41	
2331	2331	82	42	
2332	2332	83	42	
2333	2333	81	40	
2334	2334	81	40	
2335	2335	83	38	
2336	2336	82	42	
2337	2337	81	40	
2338	2338	82	41	
2339	2339	81	38	
2340	2340	78	41	
2341	2341	83	42	
2342	2342	84	41	
2343	2343	82	42	
2344	2344	81	40	
2345	2345	82	41	
2346	2346	81	41	
2347	2347	83	40	
2348	2348	81	39	
2349	2349	81	42	
2350	2350	79	40	
2351	2351	84	40	
2352	2352	83	40	
2353	2353	81	41	
2354	2354	78	42	
2355	2355	79	42	
2356	2356	82	42	
2357	2357	82	39	
2358	2358	84	41	
2359	2359	81	39	
2360	2360	81	40	
2361	2361	81	42	
2362	2362	81	40	
2363	2363	80	44	
2364	2364	80	40	
2365	2365	82	41	
2366	2366	82	41	
2367	2367	81	40	
2368	2368	77	42	
2369	2369	81	41	
2370	2370	81	40	
2371	2371	79	45	
2372	2372	79	41	
2373	2373	79	44	
2374	2374	79	41	
2375	2375	81	42	
2376	2376	79	41	
2377	2377	84	44	
2378	2378	79	42	
2379	2379	78	42	
2380	2380	82	42	
2381	2381	80	39	
2382	2382	83	40	
2383	2383	80	42	
2384	2384	81	41	
2385	2385	81	40	
2386	2386	83	40	
2387	2387	80	42	
2388	2388	81	38	
2389	2389	81	44	
2390	2390	81	40	
2391	2391	79	43	
2392	2392	81	41	
2393	2393	81	44	
2394	2394	81	40	
2395	2395	79	41	
2396	2396	84	40	
2397	2397	82	40	
2398	2398	82	44	
2399	2399	80	39	
2400	2400	82	43	
2401	2401	80	41	
2402	2402	84	44	
2403	2403	81	42	
2404	2404	81	44	
2405	2405	79	42	
2406	2406	81	42	
2407	2407	79	41	
2408	2408	80	41	
2409	2409	81	41	
2410	2410	81	40	
2411	2411	80	40	
2412	2412	81	40	
2413	2413	79	42	
2414	2414	82	40	
2415	2415	82	41	
2416	2416	81	41	
2417	2417	82	40	
2418	2418	81	42	
2419	2419	81	42	
2420	2420	81	41	
2421	2421	82	39	
2422	2422	79	41	
2423	2423	81	42	
2424	2424	81	42	
2425	2425	81	42	
2426	2426	80	42	
2427	2427	80	41	
2428	2428	82	42	
2429	2429	78	43	
2430	2430	84	41	
2431	2431	78	42	
2432	2432	80	42	
2433	2433	81	44	
2434	2434	77	42	
2435	2435	80	44	
2436	2436	79	42	
2437	2437	80	42	
2438	2438	81	45	
2439	2439	79	42	
2440	2440	79	46	
2441	2441	81	44	
2442	2442	79	44	
2443	2443	79	46	
2444	2444	79	41	
2445	2445	77	44	
2446	2446	80	41	
2447	2447	77	44	
2448	2448	78	40	
2449	2449	79	46	
2450	2450	81	43	
2451	2451	81	42	
2452	2452	79	44	
2453	2453	77	46	
2454	2454	77	43	
2455	2455	78	42	
2456	2456	79	45	
2457	2457	79	44	
2458	2458	79	41	
2459	2459	80	44	
2460	2460	77	42	
2461	2461	78	42	
2462	2462	79	44	
2463	2463	79	45	
2464	2464	79	42	
2465	2465	80	44	
2466	2466	79	44	
2467	2467	79	45	
2468	2468	79	46	
2469	2469	81	42	
2470	2470	77	44	
2471	2471	81	42	
2472	2472	77	41	
2473	2473	81	45	
2474	2474	78	42	
2475	2475	80	42	
2476	2476	81	41	
2477	2477	79	41	
2478	2478	78	44	
2479	2479	82	42	
2480	2480	79	43	
2481	2481	81	40	
2482	2482	81	44	
2483	2483	78	42	
2484	2484	81	44	
2485	2485	77	44	
2486	2486	82	40	
2487	2487	81	42	
2488	2488	79	44	
2489	2489	82	42	
2490	2490	79	44	
2491	2491	81	44	
2492	2492	80	42	
2493	2493	81	44	
2494	2494	80	41	
2495	2495	80	44	
2496	2496	79	42	
2497	2497	80	41	
2498	2498	78	38	
2499	2499	82	43	
2500	2500	83	42	
2501	2501	80	43	
2502	2502	79	42	
2503	2503	79	44	
2504	2504	82	42	
2505	2505	84	40	
2506	2506	79	43	
2507	2507	80	43	
2508	2508	81	41	
2509	2509	81	46	
2510	2510	78	44	
2511	2511	80	41	
2512	2512	79	46	
2513	2513	80	40	
2514	2514	81	41	
2515	2515	81	44	
2516	2516	81	41	
2517	2517	79	44	
2518	2518	79	42	
2519	2519	80	44	
2520	2520	77	41	
2521	2521	80	44	
2522	2522	77	40	
2523	2523	81	44	
2524	2524	79	41	
2525	2525	81	42	
2526	2526	79	42	
2527	2527	81	44	
2528	2528	78	42	
2529	2529	80	42	
2530	2530	81	42	
2531	2531	84	40	
2532	2532	81	40	
2533	2533	79	39	
2534	2534	81	45	
2535	2535	81	39	
2536	2536	78	43	
2537	2537	79	39	
2538	2538	79	43	
2539	2539	81	40	
2540	2540	81	43	
2541	2541	81	41	
2542	2542	79	39	
2543	2543	81	44	
2544	2544	82	41	
2545	2545	80	43	
2546	2546	81	41	
2547	2547	79	40	
2548	2548	84	42	
2549	2549	79	42	
2550	2550	81	40	
2551	2551	82	45	
2552	2552	81	41	
2553	2553	78	41	
2554	2554	82	39	
2555	2555	79	42	
2556	2556	82	44	
2557	2557	79	42	
2558	2558	82	42	
2559	2559	80	42	
2560	2560	81	41	
2561	2561	78	41	
2562	2562	82	44	
2563	2563	79	43	
2564	2564	78	42	
2565	2565	80	43	
2566	2566	82	44	
2567	2567	81	41	
2568	2568	79	42	
2569	2569	82	43	
2570	2570	79	41	
2571	2571	82	42	
2572	2572	79	44	
2573	2573	79	43	
2574	2574	78	45	
2575	2575	81	44	
2576	2576	77	44	
2577	2577	79	41	
2578	2578	79	42	
2579	2579	79	41	
2580	2580	82	45	
2581	2581	78	45	
2582	2582	81	42	
2583	2583	84	43	
2584	2584	82	39	
2585	2585	80	46	
2586	2586	80	43	
2587	2587	79	40	
2588	2588	82	42	
2589	2589	81	43	
2590	2590	82	42	
2591	2591	81	42	
2592	2592	81	41	
2593	2593	80	42	
2594	2594	78	41	
2595	2595	81	43	
2596	2596	77	41	
2597	2597	78	46	
2598	2598	83	44	
2599	2599	77	44	
2600	2600	79	42	
2601	2601	79	46	
2602	2602	80	44	
2603	2603	80	45	
2604	2604	79	44	
2605	2605	84	40	
2606	2606	81	44	
2607	2607	82	41	
2608	2608	79	43	
2609	2609	82	44	
2610	2610	79	46	
2611	2611	79	42	
2612	2612	79	44	
2613	2613	80	40	
2614	2614	79	42	
2615	2615	81	42	
2616	2616	79	42	
2617	2617	79	42	
2618	2618	79	42	
2619	2619	79	43	
2620	2620	81	41	
2621	2621	79	42	
2622	2622	79	43	
2623	2623	80	44	
2624	2624	81	41	
2625	2625	79	40	
2626	2626	81	43	
2627	2627	78	41	
2628	2628	80	44	
2629	2629	80	44	
2630	2630	80	42	
2631	2631	81	42	
2632	2632	79	40	
2633	2633	80	42	
2634	2634	81	42	
2635	2635	81	42	
2636	2636	80	39	
2637	2637	79	42	
2638	2638	81	42	
2639	2639	81	42	
2640	2640	82	45	
2641	2641	81	44	
2642	2642	77	42	
2643	2643	82	44	
2644	2644	81	43	
2645	2645	79	41	
2646	2646	78	40	
2647	2647	77	44	
2648	2648	81	42	
2649	2649	80	42	
2650	2650	80	44	
2651	2651	80	42	
2652	2652	79	44	
2653	2653	80	42	
2654	2654	77	44	
2655	2655	79	45	
2656	2656	79	41	
2657	2657	79	46	
2658	2658	79	41	
2659	2659	81	45	
2660	2660	79	42	
2661	2661	79	42	
2662	2662	80	44	
2663	2663	77	45	
2664	2664	78	46	
2665	2665	79	46	
2666	2666	79	44	
2667	2667	78	42	
2668	2668	81	45	
2669	2669	77	44	
2670	2670	78	44	
2671	2671	81	44	
2672	2672	76	46	
2673	2673	80	44	
2674	2674	77	43	
2675	2675	79	44	
2676	2676	76	43	
2677	2677	78	42	
2678	2678	77	43	
2679	2679	76	44	
2680	2680	79	43	
2681	2681	79	42	
2682	2682	78	44	
2683	2683	79	44	
2684	2684	77	44	
2685	2685	78	41	
2686	2686	81	44	
2687	2687	77	45	
2688	2688	79	43	
2689	2689	79	46	
2690	2690	78	41	
2691	2691	79	44	
2692	2692	81	44	
2693	2693	79	41	
2694	2694	81	41	
2695	2695	79	42	
2696	2696	80	45	
2697	2697	80	44	
2698	2698	81	41	
2699	2699	81	41	
2700	2700	79	42	
2701	2701	82	42	
2702	2702	81	44	
2703	2703	78	40	
2704	2704	81	41	
2705	2705	81	42	
2706	2706	81	45	
2707	2707	79	39	
2708	2708	82	42	
2709	2709	81	42	
2710	2710	82	44	
2711	2711	84	42	
2712	2712	78	41	
2713	2713	81	42	
2714	2714	83	44	
2715	2715	81	42	
2716	2716	81	41	
2717	2717	82	41	
2718	2718	81	41	
2719	2719	80	42	
2720	2720	80	42	
2721	2721	82	42	
2722	2722	80	43	
2723	2723	83	42	
2724	2724	81	44	
2725	2725	79	44	
2726	2726	79	45	
2727	2727	80	43	
2728	2728	79	41	
2729	2729	80	40	
2730	2730	81	45	
2731	2731	81	44	
2732	2732	78	46	
2733	2733	83	42	
2734	2734	78	43	
2735	2735	80	43	
2736	2736	78	45	
2737	2737	79	44	
2738	2738	81	46	
2739	2739	81	43	
2740	2740	79	45	
2741	2741	79	44	
2742	2742	79	43	
2743	2743	80	46	
2744	2744	78	42	
2745	2745	78	46	
2746	2746	79	44	
2747	2747	80	46	
2748	2748	79	42	
2749	2749	77	44	
2750	2750	79	44	
2751	2751	81	43	
2752	2752	79	41	
2753	2753	80	44	
2754	2754	80	44	
2755	2755	77	42	
2756	2756	78	44	
2757	2757	81	46	
2758	2758	80	42	
2759	2759	79	43	
2760	2760	76	43	
2761	2761	80	41	
2762	2762	77	44	
2763	2763	81	42	
2764	2764	79	42	
2765	2765	82	41	
2766	2766	79	42	
2767	2767	84	42	
2768	2768	79	40	
2769	2769	81	42	
2770	2770	79	42	
2771	2771	81	43	
2772	2772	79	43	
2773	2773	79	43	
2774	2774	80	41	
2775	2775	80	42	
2776	2776	82	43	
2777	2777	79	43	
2778	2778	84	40	
2779	2779	82	43	
2780	2780	82	42	
2781	2781	83	42	
2782	2782	81	41	
2783	2783	81	40	
2784	2784	78	39	
2785	2785	79	43	
2786	2786	81	39	
2787	2787	81	44	
2788	2788	82	38	
2789	2789	81	41	
2790	2790	82	40	
2791	2791	83	39	
2792	2792	83	42	
2793	2793	81	41	
2794	2794	81	39	
2795	2795	82	41	
2796	2796	81	39	
2797	2797	81	43	
2798	2798	81	39	
2799	2799	84	42	
2800	2800	82	41	
2801	2801	84	40	
2802	2802	80	39	
2803	2803	82	46	
2804	2804	80	38	
2805	2805	81	43	
2806	2806	79	42	
2807	2807	79	40	
2808	2808	79	44	
2809	2809	82	41	
2810	2810	79	40	
2811	2811	81	42	
2812	2812	79	44	
2813	2813	79	42	
2814	2814	84	44	
2815	2815	78	40	
2816	2816	80	46	
2817	2817	80	41	
2818	2818	79	41	
2819	2819	80	45	
2820	2820	79	41	
2821	2821	79	42	
2822	2822	79	40	
2823	2823	80	44	
2824	2824	81	40	
2825	2825	81	43	
2826	2826	81	40	
2827	2827	82	42	
2828	2828	81	42	
2829	2829	80	39	
2830	2830	80	43	
2831	2831	80	43	
2832	2832	81	42	
2833	2833	81	40	
2834	2834	81	46	
2835	2835	82	43	
2836	2836	82	40	
2837	2837	82	39	
2838	2838	81	43	
2839	2839	81	42	
2840	2840	81	42	
2841	2841	81	42	
2842	2842	81	44	
2843	2843	81	43	
2844	2844	79	40	
2845	2845	83	43	
2846	2846	79	42	
2847	2847	79	46	
2848	2848	79	40	
2849	2849	81	42	
2850	2850	81	44	
2851	2851	81	40	
2852	2852	81	44	
2853	2853	81	42	
2854	2854	81	43	
2855	2855	81	42	
2856	2856	79	44	
2857	2857	82	43	
2858	2858	81	40	
2859	2859	79	46	
2860	2860	81	44	
2861	2861	79	41	
2862	2862	80	41	
2863	2863	79	43	
2864	2864	81	42	
2865	2865	79	43	
2866	2866	80	42	
2867	2867	80	42	
2868	2868	81	42	
2869	2869	79	43	
2870	2870	77	44	
2871	2871	81	44	
2872	2872	79	44	
2873	2873	78	43	
2874	2874	81	44	
2875	2875	80	42	
2876	2876	81	43	
2877	2877	81	40	
2878	2878	82	44	
2879	2879	81	41	
2880	2880	81	40	
2881	2881	82	42	
2882	2882	82	44	
2883	2883	81	45	
2884	2884	82	39	
2885	2885	81	43	
2886	2886	81	43	
2887	2887	82	42	
2888	2888	80	44	
2889	2889	82	40	
2890	2890	79	43	
2891	2891	79	40	
2892	2892	84	42	
2893	2893	81	41	
2894	2894	81	42	
2895	2895	84	40	
2896	2896	81	42	
2897	2897	82	41	
2898	2898	81	42	
2899	2899	84	41	
2900	2900	82	43	
2901	2901	82	42	
2902	2902	79	43	
2903	2903	80	40	
2904	2904	81	41	
2905	2905	82	40	
2906	2906	82	42	
2907	2907	79	42	
2908	2908	83	42	
2909	2909	79	40	
2910	2910	80	44	
2911	2911	83	41	
2912	2912	82	42	
2913	2913	77	42	
2914	2914	82	42	
2915	2915	81	42	
2916	2916	81	42	
2917	2917	81	42	
2918	2918	81	42	
2919	2919	78	42	
2920	2920	84	41	
2921	2921	77	43	
2922	2922	84	42	
2923	2923	82	40	
2924	2924	82	41	
2925	2925	82	41	
2926	2926	84	41	
2927	2927	81	41	
2928	2928	82	38	
2929	2929	82	42	
2930	2930	81	41	
2931	2931	81	41	
2932	2932	81	44	
2933	2933	83	40	
2934	2934	82	39	
2935	2935	84	42	
2936	2936	81	39	
2937	2937	83	38	
2938	2938	81	42	
2939	2939	81	41	
2940	2940	80	42	
2941	2941	84	42	
2942	2942	84	42	
2943	2943	82	40	
2944	2944	81	42	
2945	2945	82	41	
2946	2946	83	42	
2947	2947	83	42	
2948	2948	82	42	
2949	2949	83	39	
2950	2950	80	41	
2951	2951	83	41	
2952	2952	81	44	
2953	2953	82	41	
2954	2954	82	42	
2955	2955	79	39	
2956	2956	81	39	
2957	2957	83	44	
2958	2958	79	40	
2959	2959	81	42	
2960	2960	79	40	
2961	2961	82	41	
2962	2962	79	42	
2963	2963	79	41	
2964	2964	83	40	
2965	2965	81	41	
2966	2966	81	40	
2967	2967	81	41	
2968	2968	79	39	
2969	2969	81	41	
2970	2970	84	40	
2971	2971	80	42	
2972	2972	82	42	
2973	2973	82	39	
2974	2974	81	40	
2975	2975	81	40	
2976	2976	82	40	
2977	2977	80	43	
2978	2978	79	41	
2979	2979	80	42	
2980	2980	83	41	
2981	2981	84	41	
2982	2982	82	43	
2983	2983	81	40	
2984	2984	82	41	
2985	2985	80	44	
2986	2986	81	39	
2987	2987	82	42	
2988	2988	81	39	
2989	2989	81	40	
2990	2990	81	43	
2991	2991	79	44	
2992	2992	81	41	
2993	2993	80	42	
2994	2994	82	42	
2995	2995	78	43	
2996	2996	82	42	
2997	2997	80	42	
2998	2998	84	39	
2999	2999	82	43	
3000	3000	82	40	
3001	3001	82	43	
3002	3002	81	42	
3003	3003	81	40	
3004	3004	81	42	
3005	3005	81	44	
3006	3006	80	40	
3007	3007	80	42	
3008	3008	82	42	
3009	3009	84	42	
3010	3010	81	39	
3011	3011	82	38	
3012	3012	81	42	
3013	3013	84	38	
3014	3014	81	42	
3015	3015	83	40	
3016	3016	82	44	
3017	3017	80	41	
3018	3018	84	43	
3019	3019	83	44	
3020	3020	84	42	
3021	3021	81	39	
3022	3022	77	45	
3023	3023	81	42	
3024	3024	79	44	
3025	3025	83	41	
3026	3026	80	42	
3027	3027	81	42	
3028	3028	79	43	
3029	3029	79	44	
3030	3030	81	42	
3031	3031	80	42	
3032	3032	81	43	
3033	3033	80	42	
3034	3034	79	40	
3035	3035	79	44	
3036	3036	82	44	
3037	3037	81	40	
3038	3038	80	42	
3039	3039	80	42	
3040	3040	81	40	
3041	3041	81	41	
3042	3042	79	45	
3043	3043	80	40	
3044	3044	81	46	
3045	3045	81	42	
3046	3046	81	43	
3047	3047	82	42	
3048	3048	81	41	
3049	3049	81	41	
3050	3050	81	46	
3051	3051	79	41	
3052	3052	79	41	
3053	3053	78	40	
3054	3054	81	45	
3055	3055	77	43	
3056	3056	82	42	
3057	3057	79	39	
3058	3058	79	41	
3059	3059	82	41	
3060	3060	79	45	
3061	3061	80	43	
3062	3062	79	41	
3063	3063	79	43	
3064	3064	82	46	
3065	3065	80	40	
3066	3066	81	44	
3067	3067	79	44	
3068	3068	81	42	
3069	3069	77	42	
3070	3070	82	42	
3071	3071	81	41	
3072	3072	81	43	
3073	3073	79	42	
3074	3074	83	42	
3075	3075	79	43	
3076	3076	79	42	
3077	3077	81	43	
3078	3078	82	40	
3079	3079	82	41	
3080	3080	79	43	
3081	3081	80	44	
3082	3082	81	40	
3083	3083	82	40	
3084	3084	81	41	
3085	3085	81	40	
3086	3086	81	43	
3087	3087	82	40	
3088	3088	81	43	
3089	3089	83	40	
3090	3090	81	44	
3091	3091	82	42	
3092	3092	81	44	
3093	3093	82	39	
3094	3094	83	39	
3095	3095	82	40	
3096	3096	81	40	
3097	3097	82	40	
3098	3098	78	42	
3099	3099	82	40	
3100	3100	81	42	
3101	3101	82	41	
3102	3102	79	38	
3103	3103	82	44	
3104	3104	79	42	
3105	3105	81	43	
3106	3106	79	39	
3107	3107	81	42	
3108	3108	82	40	
3109	3109	81	40	
3110	3110	81	42	
3111	3111	83	39	
3112	3112	81	42	
3113	3113	78	41	
3114	3114	82	40	
3115	3115	81	41	
3116	3116	82	41	
3117	3117	81	41	
3118	3118	81	39	
3119	3119	79	42	
3120	3120	78	39	
3121	3121	81	41	
3122	3122	81	36	
3123	3123	82	41	
3124	3124	82	40	
3125	3125	81	40	
3126	3126	79	42	
3127	3127	81	42	
3128	3128	83	38	
3129	3129	81	40	
3130	3130	84	39	
3131	3131	81	42	
3132	3132	82	42	
3133	3133	79	40	
3134	3134	79	43	
3135	3135	82	39	
3136	3136	81	43	
3137	3137	81	44	
3138	3138	82	42	
3139	3139	80	40	
3140	3140	82	40	
3141	3141	81	41	
3142	3142	80	40	
3143	3143	79	38	
3144	3144	82	41	
3145	3145	78	42	
3146	3146	81	39	
3147	3147	82	39	
3148	3148	81	41	
3149	3149	81	42	
3150	3150	81	42	
3151	3151	82	39	
3152	3152	82	40	
3153	3153	79	41	
3154	3154	81	42	
3155	3155	81	44	
3156	3156	82	42	
3157	3157	79	40	
3158	3158	81	42	
3159	3159	81	40	
3160	3160	81	40	
3161	3161	81	43	
3162	3162	82	41	
3163	3163	81	43	
3164	3164	80	43	
3165	3165	81	38	
3166	3166	81	42	
3167	3167	81	45	
3168	3168	79	41	
3169	3169	81	43	
3170	3170	80	42	
3171	3171	83	38	
3172	3172	79	44	
3173	3173	81	39	
3174	3174	79	42	
3175	3175	83	42	
3176	3176	80	42	
3177	3177	81	42	
3178	3178	81	41	
3179	3179	81	40	
3180	3180	81	40	
3181	3181	81	40	
3182	3182	84	42	
3183	3183	79	40	
3184	3184	81	42	
3185	3185	80	43	
3186	3186	82	44	
3187	3187	81	43	
3188	3188	82	43	
3189	3189	80	40	
3190	3190	81	39	
3191	3191	80	42	
3192	3192	82	42	
3193	3193	79	41	
3194	3194	82	44	
3195	3195	79	41	
3196	3196	82	43	
3197	3197	81	41	
3198	3198	81	42	
3199	3199	84	42	
3200	3200	80	42	
3201	3201	79	43	
3202	3202	81	41	
3203	3203	81	44	
3204	3204	79	44	
3205	3205	81	42	
3206	3206	78	40	
3207	3207	81	42	
3208	3208	82	42	
3209	3209	82	41	
3210	3210	81	43	
3211	3211	79	41	
3212	3212	82	42	
3213	3213	81	42	
3214	3214	81	43	
3215	3215	82	42	
3216	3216	81	43	
3217	3217	82	40	
3218	3218	81	43	
3219	3219	79	42	
3220	3220	82	43	
3221	3221	80	40	
3222	3222	82	43	
3223	3223	81	42	
3224	3224	79	44	
3225	3225	80	41	
3226	3226	79	45	
3227	3227	81	41	
3228	3228	82	39	
3229	3229	81	44	
3230	3230	81	42	
3231	3231	81	43	
3232	3232	81	42	
3233	3233	79	43	
3234	3234	80	42	
3235	3235	81	43	
3236	3236	81	43	
3237	3237	79	45	
3238	3238	79	41	
3239	3239	81	43	
3240	3240	81	42	
3241	3241	79	44	
3242	3242	79	44	
3243	3243	79	43	
3244	3244	79	43	
3245	3245	79	42	
3246	3246	79	42	
3247	3247	79	44	
3248	3248	79	44	
3249	3249	82	44	
3250	3250	80	39	
3251	3251	81	44	
3252	3252	79	44	
3253	3253	81	43	
3254	3254	78	41	
3255	3255	79	45	
3256	3256	81	39	
3257	3257	82	43	
3258	3258	77	42	
3259	3259	81	43	
3260	3260	81	41	
3261	3261	80	42	
3262	3262	77	42	
3263	3263	83	42	
3264	3264	79	43	
3265	3265	82	42	
3266	3266	79	41	
3267	3267	81	44	
3268	3268	79	39	
3269	3269	81	45	
3270	3270	79	43	
3271	3271	80	41	
3272	3272	79	40	
3273	3273	81	43	
3274	3274	79	40	
3275	3275	81	43	
3276	3276	79	43	
3277	3277	80	44	
3278	3278	81	43	
3279	3279	81	44	
3280	3280	80	44	
3281	3281	80	41	
3282	3282	76	46	
3283	3283	81	42	
3284	3284	80	43	
3285	3285	80	44	
3286	3286	81	45	
3287	3287	77	43	
3288	3288	78	42	
3289	3289	79	44	
3290	3290	78	43	
3291	3291	79	45	
3292	3292	82	44	
3293	3293	79	43	
3294	3294	81	46	
3295	3295	79	40	
3296	3296	81	43	
3297	3297	79	43	
3298	3298	79	42	
3299	3299	81	44	
3300	3300	81	44	
3301	3301	81	45	
3302	3302	79	46	
3303	3303	79	43	
3304	3304	81	41	
3305	3305	82	47	
3306	3306	79	43	
3307	3307	81	42	
3308	3308	80	42	
3309	3309	81	43	
3310	3310	79	42	
3311	3311	81	44	
3312	3312	79	44	
3313	3313	79	44	
3314	3314	81	40	
3315	3315	79	46	
3316	3316	79	44	
3317	3317	79	42	
3318	3318	79	44	
3319	3319	82	42	
3320	3320	78	44	
3321	3321	78	40	
3322	3322	79	45	
3323	3323	79	45	
3324	3324	81	46	
3325	3325	79	41	
3326	3326	80	42	
3327	3327	80	42	
3328	3328	78	44	
3329	3329	78	42	
3330	3330	79	43	
3331	3331	79	43	
3332	3332	79	40	
3333	3333	79	42	
3334	3334	79	43	
3335	3335	79	40	
3336	3336	79	43	
3337	3337	81	42	
3338	3338	79	44	
3339	3339	79	41	
3340	3340	81	43	
3341	3341	82	41	
3342	3342	79	45	
3343	3343	81	39	
3344	3344	81	43	
3345	3345	82	42	
3346	3346	81	41	
3347	3347	79	43	
3348	3348	82	42	
3349	3349	80	44	
3350	3350	81	40	
3351	3351	82	42	
3352	3352	81	43	
3353	3353	79	42	
3354	3354	81	44	
3355	3355	81	42	
3356	3356	80	40	
3357	3357	80	39	
3358	3358	79	44	
3359	3359	79	42	
3360	3360	79	43	
3361	3361	81	42	
3362	3362	79	44	
3363	3363	79	44	
3364	3364	82	44	
3365	3365	79	40	
3366	3366	81	42	
3367	3367	82	40	
3368	3368	80	44	
3369	3369	84	44	
3370	3370	80	40	
3371	3371	79	42	
3372	3372	78	43	
3373	3373	79	40	
3374	3374	81	41	
3375	3375	81	43	
3376	3376	81	41	
3377	3377	82	43	
3378	3378	81	43	
3379	3379	79	44	
3380	3380	79	41	
3381	3381	81	41	
3382	3382	81	38	
3383	3383	81	44	
3384	3384	78	41	
3385	3385	78	45	
3386	3386	80	42	
3387	3387	77	42	
3388	3388	80	42	
3389	3389	81	40	
3390	3390	79	43	
3391	3391	79	42	
3392	3392	79	43	
3393	3393	77	41	
3394	3394	80	44	
3395	3395	79	42	
3396	3396	81	43	
3397	3397	79	42	
3398	3398	81	42	
3399	3399	80	43	
3400	3400	79	41	
3401	3401	81	44	
3402	3402	80	42	
3403	3403	79	44	
3404	3404	81	44	
3405	3405	79	42	
3406	3406	81	41	
3407	3407	80	43	
3408	3408	81	46	
3409	3409	79	42	
3410	3410	79	44	
3411	3411	81	42	
3412	3412	79	46	
3413	3413	79	44	
3414	3414	81	44	
3415	3415	79	46	
3416	3416	81	44	
3417	3417	80	40	
3418	3418	81	35	
3419	3419	83	35	
3420	3420	81	32	
3421	3421	82	33	
3422	3422	82	31	
3423	3423	84	34	
3424	3424	82	32	
3425	3425	79	32	
3426	3426	84	32	
3427	3427	81	31	
3428	3428	83	32	
3429	3429	82	34	
3430	3430	84	34	
3431	3431	81	31	
3432	3432	84	31	
3433	3433	83	32	
3434	3434	80	34	
3435	3435	84	31	
3436	3436	84	34	
3437	3437	81	34	
3438	3438	83	33	
3439	3439	84	32	
3440	3440	82	31	
3441	3441	81	33	
3442	3442	81	31	
3443	3443	83	34	
3444	3444	83	31	
3445	3445	82	32	
3446	3446	82	31	
3447	3447	83	30	
3448	3448	85	32	
3449	3449	84	32	
3450	3450	84	32	
3451	3451	84	31	
3452	3452	84	35	
3453	3453	84	35	
3454	3454	83	33	
3455	3455	85	33	
3456	3456	85	32	
3457	3457	85	32	
3458	3458	85	30	
3459	3459	86	32	
3460	3460	84	30	
3461	3461	85	32	
3462	3462	84	31	
3463	3463	85	32	
3464	3464	84	32	
3465	3465	82	31	
3466	3466	84	31	
3467	3467	84	32	
3468	3468	87	33	
3469	3469	84	31	
3470	3470	85	33	
3471	3471	84	30	
3472	3472	83	31	
3473	3473	86	33	
3474	3474	84	30	
3475	3475	85	32	
3476	3476	84	31	
3477	3477	85	31	
3478	3478	84	31	
3479	3479	85	34	
3480	3480	84	31	
3481	3481	85	31	
3482	3482	83	33	
3483	3483	85	33	
3484	3484	84	31	
3485	3485	85	33	
3486	3486	82	34	
3487	3487	84	34	
3488	3488	85	35	
3489	3489	84	35	
3490	3490	81	34	
3491	3491	85	30	
3492	3492	83	33	
3493	3493	83	34	
3494	3494	85	33	
3495	3495	82	32	
3496	3496	85	34	
3497	3497	84	34	
3498	3498	86	32	
3499	3499	84	35	
3500	3500	81	31	
3501	3501	81	34	
3502	3502	81	34	
3503	3503	83	34	
3504	3504	84	33	
3505	3505	82	34	
3506	3506	84	32	
3507	3507	84	33	
3508	3508	84	32	
3509	3509	83	34	
3510	3510	84	32	
3511	3511	82	34	
3512	3512	85	33	
3513	3513	82	32	
3514	3514	82	33	
3515	3515	83	30	
3516	3516	83	35	
3517	3517	83	31	
3518	3518	81	34	
3519	3519	82	30	
3520	3520	83	34	
3521	3521	84	31	
3522	3522	84	33	
3523	3523	83	31	
3524	3524	81	32	
3525	3525	81	35	
3526	3526	82	32	
3527	3527	81	32	
3528	3528	81	30	
3529	3529	81	33	
3530	3530	83	34	
3531	3531	82	31	
3532	3532	84	31	
3533	3533	81	32	
3534	3534	81	33	
3535	3535	83	31	
3536	3536	80	32	
3537	3537	83	32	
3538	3538	81	32	
3539	3539	84	33	
3540	3540	84	31	
3541	3541	82	31	
3542	3542	82	31	
3543	3543	85	30	
3544	3544	84	31	
3545	3545	85	33	
3546	3546	84	32	
3547	3547	84	32	
3548	3548	84	33	
3549	3549	84	30	
3550	3550	84	33	
3551	3551	84	28	
3552	3552	83	32	
3553	3553	82	32	
3554	3554	82	32	
3555	3555	85	32	
3556	3556	84	29	
3557	3557	83	31	
3558	3558	85	32	
3559	3559	84	30	
3560	3560	84	32	
3561	3561	83	31	
3562	3562	86	32	
3563	3563	84	31	
3564	3564	84	31	
3565	3565	84	32	
3566	3566	86	32	
3567	3567	82	31	
3568	3568	85	34	
3569	3569	84	31	
3570	3570	84	33	
3571	3571	84	32	
3572	3572	85	32	
3573	3573	84	30	
3574	3574	85	33	
3575	3575	85	30	
3576	3576	86	34	
3577	3577	82	32	
3578	3578	85	32	
3579	3579	85	30	
3580	3580	84	33	
3581	3581	85	30	
3582	3582	84	31	
3583	3583	84	32	
3584	3584	85	32	
3585	3585	85	32	
3586	3586	83	33	
3587	3587	85	33	
3588	3588	85	34	
3589	3589	82	33	
3590	3590	82	31	
3591	3591	84	34	
3592	3592	85	31	
3593	3593	82	35	
3594	3594	84	30	
3595	3595	82	35	
3596	3596	84	33	
3597	3597	81	30	
3598	3598	84	32	
3599	3599	84	34	
3600	3600	82	34	
3601	3601	82	34	
3602	3602	84	33	
3603	3603	83	33	
3604	3604	82	34	
3605	3605	82	34	
3606	3606	82	35	
3607	3607	82	33	
3608	3608	84	35	
3609	3609	81	35	
3610	3610	81	34	
3611	3611	84	35	
3612	3612	79	35	
3613	3613	82	34	
3614	3614	81	36	
3615	3615	81	36	
3616	3616	83	34	
3617	3617	81	36	
3618	3618	84	34	
3619	3619	83	33	
3620	3620	81	36	
3621	3621	81	35	
3622	3622	79	34	
3623	3623	81	35	
3624	3624	82	33	
3625	3625	81	35	
3626	3626	81	35	
3627	3627	83	33	
3628	3628	83	33	
3629	3629	82	32	
3630	3630	83	33	
3631	3631	84	30	
3632	3632	81	35	
3633	3633	80	32	
3634	3634	81	34	
3635	3635	81	31	
3636	3636	84	32	
3637	3637	82	31	
3638	3638	84	32	
3639	3639	84	32	
3640	3640	82	33	
3641	3641	81	35	
3642	3642	82	31	
3643	3643	80	33	
3644	3644	84	33	
3645	3645	81	31	
3646	3646	82	31	
3647	3647	81	33	
3648	3648	82	33	
3649	3649	81	32	
3650	3650	83	32	
3651	3651	82	34	
3652	3652	81	32	
3653	3653	84	34	
3654	3654	82	31	
3655	3655	79	33	
3656	3656	81	33	
3657	3657	80	34	
3658	3658	82	32	
3659	3659	80	33	
3660	3660	83	32	
3661	3661	78	31	
3662	3662	82	31	
3663	3663	79	34	
3664	3664	80	31	
3665	3665	81	34	
3666	3666	82	32	
3667	3667	81	35	
3668	3668	82	30	
3669	3669	79	32	
3670	3670	84	32	
3671	3671	83	34	
3672	3672	81	32	
3673	3673	84	30	
3674	3674	79	30	
3675	3675	83	32	
3676	3676	81	35	
3677	3677	82	32	
3678	3678	84	32	
3679	3679	84	32	
3680	3680	83	31	
3681	3681	81	33	
3682	3682	84	38	
3683	3683	81	28	
3684	3684	84	34	
3685	3685	82	31	
3686	3686	84	32	
3687	3687	84	32	
3688	3688	84	33	
3689	3689	83	30	
3690	3690	81	32	
3691	3691	84	34	
3692	3692	83	32	
3693	3693	82	31	
3694	3694	82	33	
3695	3695	81	32	
3696	3696	82	33	
3697	3697	84	31	
3698	3698	84	32	
3699	3699	82	35	
3700	3700	82	32	
3701	3701	85	31	
3702	3702	81	32	
3703	3703	82	34	
3704	3704	82	34	
3705	3705	80	31	
3706	3706	82	35	
3707	3707	82	35	
3708	3708	82	32	
3709	3709	84	33	
3710	3710	84	34	
3711	3711	82	35	
3712	3712	85	33	
3713	3713	81	35	
3714	3714	84	32	
3715	3715	81	32	
3716	3716	85	35	
3717	3717	84	34	
3718	3718	84	34	
3719	3719	82	32	
3720	3720	85	34	
3721	3721	83	33	
3722	3722	85	35	
3723	3723	84	32	
3724	3724	82	34	
3725	3725	84	32	
3726	3726	81	33	
3727	3727	84	31	
3728	3728	83	31	
3729	3729	83	33	
3730	3730	84	31	
3731	3731	84	33	
3732	3732	82	31	
3733	3733	82	33	
3734	3734	79	32	
3735	3735	83	34	
3736	3736	79	35	
3737	3737	82	33	
3738	3738	81	31	
3739	3739	83	32	
3740	3740	82	33	
3741	3741	81	35	
3742	3742	82	32	
3743	3743	80	31	
3744	3744	81	32	
3745	3745	81	31	
3746	3746	82	35	
3747	3747	81	31	
3748	3748	79	32	
3749	3749	81	32	
3750	3750	81	33	
3751	3751	81	30	
3752	3752	79	35	
3753	3753	82	32	
3754	3754	81	35	
3755	3755	81	34	
3756	3756	79	33	
3757	3757	81	33	
3758	3758	81	30	
3759	3759	82	32	
3760	3760	79	34	
3761	3761	81	34	
3762	3762	80	32	
3763	3763	82	32	
3764	3764	81	34	
3765	3765	82	32	
3766	3766	82	33	
3767	3767	81	33	
3768	3768	82	34	
3769	3769	82	31	
3770	3770	80	36	
3771	3771	78	32	
3772	3772	81	33	
3773	3773	78	35	
3774	3774	80	34	
3775	3775	81	34	
3776	3776	79	35	
3777	3777	82	35	
3778	3778	80	36	
3779	3779	81	35	
3780	3780	81	35	
3781	3781	81	32	
3782	3782	79	34	
3783	3783	80	34	
3784	3784	83	34	
3785	3785	81	33	
3786	3786	80	35	
3787	3787	79	33	
3788	3788	82	35	
3789	3789	80	33	
3790	3790	81	32	
3791	3791	81	34	
3792	3792	81	31	
3793	3793	81	35	
3794	3794	81	34	
3795	3795	79	34	
3796	3796	77	35	
3797	3797	78	33	
3798	3798	77	33	
3799	3799	78	33	
3800	3800	78	33	
3801	3801	81	32	
3802	3802	78	34	
3803	3803	79	35	
3804	3804	82	33	
3805	3805	79	33	
3806	3806	81	32	
3807	3807	81	34	
3808	3808	81	33	
3809	3809	78	35	
3810	3810	80	32	
3811	3811	79	35	
3812	3812	81	36	
3813	3813	80	31	
3814	3814	81	33	
3815	3815	78	35	
3816	3816	81	35	
3817	3817	78	32	
3818	3818	81	32	
3819	3819	81	35	
3820	3820	80	34	
3821	3821	79	33	
3822	3822	79	36	
3823	3823	78	32	
3824	3824	79	32	
3825	3825	79	33	
3826	3826	81	32	
3827	3827	79	32	
3828	3828	81	33	
3829	3829	79	31	
3830	3830	78	32	
3831	3831	79	33	
3832	3832	78	33	
3833	3833	78	32	
3834	3834	79	33	
3835	3835	81	32	
3836	3836	77	32	
3837	3837	81	34	
3838	3838	77	31	
3839	3839	77	32	
3840	3840	79	32	
3841	3841	79	31	
3842	3842	81	34	
3843	3843	79	32	
3844	3844	79	32	
3845	3845	79	31	
3846	3846	78	30	
3847	3847	78	32	
3848	3848	80	31	
3849	3849	81	32	
3850	3850	79	31	
3851	3851	81	32	
3852	3852	79	32	
3853	3853	81	30	
3854	3854	80	34	
3855	3855	79	31	
3856	3856	79	30	
3857	3857	81	30	
3858	3858	79	32	
3859	3859	83	30	
3860	3860	81	31	
3861	3861	78	30	
3862	3862	77	33	
3863	3863	84	29	
3864	3864	78	31	
3865	3865	81	31	
3866	3866	80	30	
3867	3867	81	31	
3868	3868	77	33	
3869	3869	81	32	
3870	3870	82	32	
3871	3871	82	32	
3872	3872	82	32	
3873	3873	79	31	
3874	3874	81	31	
3875	3875	81	31	
3876	3876	84	31	
3877	3877	81	33	
3878	3878	81	30	
3879	3879	82	32	
3880	3880	81	32	
3881	3881	83	32	
3882	3882	83	32	
3883	3883	84	31	
3884	3884	81	31	
3885	3885	82	31	
3886	3886	80	31	
3887	3887	82	30	
3888	3888	84	30	
3889	3889	82	32	
3890	3890	83	30	
3891	3891	84	35	
3892	3892	81	30	
3893	3893	84	32	
3894	3894	82	29	
3895	3895	83	33	
3896	3896	82	31	
3897	3897	84	31	
3898	3898	81	31	
3899	3899	85	31	
3900	3900	83	33	
3901	3901	84	30	
3902	3902	85	31	
3903	3903	85	30	
3904	3904	82	31	
3905	3905	82	34	
3906	3906	84	31	
3907	3907	84	31	
3908	3908	85	33	
3909	3909	82	31	
3910	3910	84	31	
3911	3911	81	31	
3912	3912	84	31	
3913	3913	81	34	
3914	3914	81	31	
3915	3915	84	30	
3916	3916	83	30	
3917	3917	82	31	
3918	3918	84	32	
3919	3919	82	30	
3920	3920	82	33	
3921	3921	83	29	
3922	3922	84	30	
3923	3923	82	35	
3924	3924	82	33	
3925	3925	82	31	
3926	3926	84	30	
3927	3927	82	34	
3928	3928	82	32	
3929	3929	81	30	
3930	3930	82	30	
3931	3931	82	31	
3932	3932	82	30	
3933	3933	84	30	
3934	3934	82	33	
3935	3935	84	30	
3936	3936	83	32	
3937	3937	84	31	
3938	3938	84	31	
3939	3939	84	31	
3940	3940	81	30	
3941	3941	84	31	
3942	3942	82	30	
3943	3943	84	31	
3944	3944	82	31	
3945	3945	82	31	
3946	3946	82	31	
3947	3947	86	31	
3948	3948	83	29	
3949	3949	84	32	
3950	3950	82	31	
3951	3951	84	31	
3952	3952	84	33	
3953	3953	85	31	
3954	3954	82	30	
3955	3955	84	31	
3956	3956	86	28	
3957	3957	82	33	
3958	3958	84	30	
3959	3959	84	31	
3960	3960	83	30	
3961	3961	84	31	
3962	3962	84	31	
3963	3963	84	29	
3964	3964	83	33	
3965	3965	84	29	
3966	3966	84	30	
3967	3967	85	30	
3968	3968	84	31	
3969	3969	84	30	
3970	3970	84	31	
3971	3971	84	31	
3972	3972	84	30	
3973	3973	82	32	
3974	3974	82	32	
3975	3975	84	30	
3976	3976	82	31	
3977	3977	82	31	
3978	3978	83	31	
3979	3979	82	28	
3980	3980	82	29	
3981	3981	81	31	
3982	3982	82	32	
3983	3983	82	32	
3984	3984	82	31	
3985	3985	84	32	
3986	3986	82	31	
3987	3987	84	30	
3988	3988	81	30	
3989	3989	83	30	
3990	3990	84	32	
3991	3991	83	30	
3992	3992	82	33	
3993	3993	81	32	
3994	3994	81	35	
3995	3995	84	34	
3996	3996	82	31	
3997	3997	84	31	
3998	3998	81	30	
3999	3999	81	33	
4000	4000	81	31	
4001	4001	82	32	
4002	4002	84	32	
4003	4003	79	30	
4004	4004	79	33	
4005	4005	80	32	
4006	4006	81	31	
4007	4007	77	31	
4008	4008	81	31	
4009	4009	82	32	
4010	4010	82	32	
4011	4011	81	34	
4012	4012	81	32	
4013	4013	79	32	
4014	4014	81	31	
4015	4015	79	33	
4016	4016	81	30	
4017	4017	80	33	
4018	4018	82	32	
4019	4019	81	33	
4020	4020	77	34	
4021	4021	81	32	
4022	4022	81	30	
4023	4023	81	33	
4024	4024	77	31	
4025	4025	79	34	
4026	4026	78	34	
4027	4027	81	32	
4028	4028	76	31	
4029	4029	79	34	
4030	4030	78	30	
4031	4031	81	33	
4032	4032	79	32	
4033	4033	79	32	
4034	4034	78	32	
4035	4035	81	31	
4036	4036	78	32	
4037	4037	79	34	
4038	4038	81	31	
4039	4039	81	32	
4040	4040	79	34	
4041	4041	80	32	
4042	4042	79	31	
4043	4043	81	31	
4044	4044	77	33	
4045	4045	78	30	
4046	4046	78	32	
4047	4047	81	31	
4048	4048	81	34	
4049	4049	79	30	
4050	4050	76	31	
4051	4051	81	34	
4052	4052	82	30	
4053	4053	79	33	
4054	4054	80	33	
4055	4055	80	33	
4056	4056	78	31	
4057	4057	81	33	
4058	4058	79	32	
4059	4059	81	31	
4060	4060	81	32	
4061	4061	81	31	
4062	4062	81	33	
4063	4063	78	30	
4064	4064	83	31	
4065	4065	81	31	
4066	4066	80	32	
4067	4067	79	31	
4068	4068	79	31	
4069	4069	81	30	
4070	4070	79	29	
4071	4071	83	30	
4072	4072	79	30	
4073	4073	82	31	
4074	4074	81	33	
4075	4075	84	30	
4076	4076	79	34	
4077	4077	80	31	
4078	4078	81	32	
4079	4079	79	30	
4080	4080	82	31	
4081	4081	81	31	
4082	4082	82	32	
4083	4083	81	28	
4084	4084	77	31	
4085	4085	82	31	
4086	4086	81	31	
4087	4087	82	31	
4088	4088	81	30	
4089	4089	82	32	
4090	4090	79	31	
4091	4091	81	32	
4092	4092	81	30	
4093	4093	81	31	
4094	4094	78	31	
4095	4095	82	34	
