Sample in Buffer	Sample in Window	tx_i	tx_q
0	0	0	0	
1	1	0	0	
2	2	0	0	
3	3	0	0	
4	4	0	0	
5	5	0	0	
6	6	0	0	
7	7	0	0	
8	8	0	0	
9	9	0	0	
10	10	0	0	
11	11	0	0	
12	12	0	0	
13	13	0	0	
14	14	0	0	
15	15	0	0	
16	16	0	0	
17	17	0	0	
18	18	0	0	
19	19	0	0	
20	20	0	0	
21	21	0	0	
22	22	0	0	
23	23	0	0	
24	24	0	0	
25	25	0	0	
26	26	0	0	
27	27	0	0	
28	28	0	0	
29	29	0	0	
30	30	0	0	
31	31	0	0	
32	32	0	0	
33	33	0	0	
34	34	0	0	
35	35	0	0	
36	36	0	0	
37	37	0	0	
38	38	0	0	
39	39	0	0	
40	40	0	0	
41	41	0	0	
42	42	0	0	
43	43	0	0	
44	44	0	0	
45	45	0	0	
46	46	0	0	
47	47	0	0	
48	48	0	0	
49	49	0	0	
50	50	0	0	
51	51	0	0	
52	52	0	0	
53	53	0	0	
54	54	0	0	
55	55	0	0	
56	56	0	0	
57	57	0	0	
58	58	0	0	
59	59	0	0	
60	60	0	0	
61	61	0	0	
62	62	0	0	
63	63	0	0	
64	64	0	0	
65	65	0	0	
66	66	0	0	
67	67	0	0	
68	68	0	0	
69	69	0	0	
70	70	0	0	
71	71	0	0	
72	72	0	0	
73	73	0	0	
74	74	0	0	
75	75	0	0	
76	76	0	0	
77	77	0	0	
78	78	0	0	
79	79	0	0	
80	80	0	0	
81	81	0	0	
82	82	0	0	
83	83	0	0	
84	84	0	0	
85	85	0	0	
86	86	0	0	
87	87	0	0	
88	88	0	0	
89	89	0	0	
90	90	0	0	
91	91	0	0	
92	92	0	0	
93	93	0	0	
94	94	0	0	
95	95	0	0	
96	96	0	0	
97	97	0	0	
98	98	0	0	
99	99	0	0	
100	100	0	0	
101	101	0	0	
102	102	0	0	
103	103	0	0	
104	104	0	0	
105	105	0	0	
106	106	0	0	
107	107	0	0	
108	108	0	0	
109	109	0	0	
110	110	0	0	
111	111	0	0	
112	112	0	0	
113	113	0	0	
114	114	0	0	
115	115	0	0	
116	116	0	0	
117	117	0	0	
118	118	0	0	
119	119	0	0	
120	120	0	0	
121	121	0	0	
122	122	0	0	
123	123	0	0	
124	124	0	0	
125	125	0	0	
126	126	0	0	
127	127	0	0	
128	128	0	0	
129	129	0	0	
130	130	0	0	
131	131	0	0	
132	132	0	0	
133	133	0	0	
134	134	0	0	
135	135	0	0	
136	136	0	0	
137	137	0	0	
138	138	0	0	
139	139	0	0	
140	140	0	0	
141	141	0	0	
142	142	0	0	
143	143	0	0	
144	144	0	0	
145	145	0	0	
146	146	0	0	
147	147	0	0	
148	148	0	0	
149	149	0	0	
150	150	0	0	
151	151	0	0	
152	152	0	0	
153	153	0	0	
154	154	0	0	
155	155	0	0	
156	156	0	0	
157	157	0	0	
158	158	0	0	
159	159	0	0	
160	160	0	0	
161	161	0	0	
162	162	0	0	
163	163	0	0	
164	164	0	0	
165	165	0	0	
166	166	0	0	
167	167	0	0	
168	168	0	0	
169	169	0	0	
170	170	0	0	
171	171	0	0	
172	172	0	0	
173	173	0	0	
174	174	0	0	
175	175	0	0	
176	176	0	0	
177	177	0	0	
178	178	0	0	
179	179	0	0	
180	180	0	0	
181	181	0	0	
182	182	0	0	
183	183	0	0	
184	184	0	0	
185	185	0	0	
186	186	0	0	
187	187	0	0	
188	188	0	0	
189	189	0	0	
190	190	0	0	
191	191	0	0	
192	192	0	0	
193	193	0	0	
194	194	0	0	
195	195	0	0	
196	196	0	0	
197	197	0	0	
198	198	0	0	
199	199	0	0	
200	200	0	0	
201	201	0	0	
202	202	0	0	
203	203	0	0	
204	204	0	0	
205	205	0	0	
206	206	0	0	
207	207	0	0	
208	208	0	0	
209	209	0	0	
210	210	0	0	
211	211	0	0	
212	212	0	0	
213	213	0	0	
214	214	0	0	
215	215	0	0	
216	216	0	0	
217	217	0	0	
218	218	0	0	
219	219	0	0	
220	220	0	0	
221	221	0	0	
222	222	0	0	
223	223	0	0	
224	224	0	0	
225	225	0	0	
226	226	0	0	
227	227	0	0	
228	228	0	0	
229	229	0	0	
230	230	0	0	
231	231	0	0	
232	232	0	0	
233	233	0	0	
234	234	0	0	
235	235	0	0	
236	236	0	0	
237	237	0	0	
238	238	0	0	
239	239	0	0	
240	240	0	0	
241	241	0	0	
242	242	0	0	
243	243	0	0	
244	244	0	0	
245	245	0	0	
246	246	0	0	
247	247	0	0	
248	248	0	0	
249	249	0	0	
250	250	0	0	
251	251	0	0	
252	252	0	0	
253	253	0	0	
254	254	0	0	
255	255	0	0	
256	256	0	0	
257	257	0	0	
258	258	0	0	
259	259	0	0	
260	260	0	0	
261	261	0	0	
262	262	0	0	
263	263	0	0	
264	264	0	0	
265	265	0	0	
266	266	0	0	
267	267	0	0	
268	268	0	0	
269	269	0	0	
270	270	0	0	
271	271	0	0	
272	272	0	0	
273	273	0	0	
274	274	0	0	
275	275	0	0	
276	276	0	0	
277	277	0	0	
278	278	0	0	
279	279	0	0	
280	280	0	0	
281	281	0	0	
282	282	0	0	
283	283	0	0	
284	284	0	0	
285	285	0	0	
286	286	0	0	
287	287	0	0	
288	288	0	0	
289	289	0	0	
290	290	0	0	
291	291	0	0	
292	292	0	0	
293	293	0	0	
294	294	0	0	
295	295	0	0	
296	296	0	0	
297	297	0	0	
298	298	0	0	
299	299	0	0	
300	300	0	0	
301	301	0	0	
302	302	0	0	
303	303	0	0	
304	304	0	0	
305	305	0	0	
306	306	0	0	
307	307	0	0	
308	308	0	0	
309	309	0	0	
310	310	0	0	
311	311	0	0	
312	312	0	0	
313	313	0	0	
314	314	0	0	
315	315	0	0	
316	316	0	0	
317	317	0	0	
318	318	0	0	
319	319	0	0	
320	320	0	0	
321	321	0	0	
322	322	0	0	
323	323	0	0	
324	324	0	0	
325	325	0	0	
326	326	0	0	
327	327	0	0	
328	328	0	0	
329	329	0	0	
330	330	0	0	
331	331	0	0	
332	332	0	0	
333	333	0	0	
334	334	0	0	
335	335	0	0	
336	336	0	0	
337	337	0	0	
338	338	0	0	
339	339	0	0	
340	340	0	0	
341	341	0	0	
342	342	0	0	
343	343	0	0	
344	344	14	14	
345	345	2	2	
346	346	-23	-23	
347	347	20	20	
348	348	54	54	
349	349	-56	-56	
350	350	-98	-98	
351	351	304	304	
352	352	994	994	
353	353	1395	1395	
354	354	1353	1353	
355	355	1243	1243	
356	356	1278	1278	
357	357	1293	1293	
358	358	1292	1292	
359	359	1329	1329	
360	360	1258	1258	
361	361	1190	1190	
362	362	1410	1410	
363	363	1493	1493	
364	364	690	690	
365	365	-663	-663	
366	366	-1489	-1489	
367	367	-1455	-1455	
368	368	-1150	-1150	
369	369	-1150	-1150	
370	370	-1455	-1455	
371	371	-1489	-1489	
372	372	-663	-663	
373	373	663	663	
374	374	1489	1489	
375	375	1455	1455	
376	376	1150	1150	
377	377	1150	1150	
378	378	1455	1455	
379	379	1489	1489	
380	380	663	663	
381	381	-663	-663	
382	382	-1489	-1489	
383	383	-1455	-1455	
384	384	-1150	-1150	
385	385	-1150	-1150	
386	386	-1455	-1455	
387	387	-1489	-1489	
388	388	-663	-663	
389	389	663	663	
390	390	1489	1489	
391	391	1455	1455	
392	392	1150	1150	
393	393	1150	1150	
394	394	1455	1455	
395	395	1489	1489	
396	396	663	663	
397	397	-663	-663	
398	398	-1489	-1489	
399	399	-1455	-1455	
400	400	-1150	-1150	
401	401	-1150	-1150	
402	402	-1455	-1455	
403	403	-1489	-1489	
404	404	-663	-663	
405	405	663	663	
406	406	1489	1489	
407	407	1455	1455	
408	408	1150	1150	
409	409	1150	1150	
410	410	1455	1455	
411	411	1489	1489	
412	412	663	663	
413	413	-663	-663	
414	414	-1489	-1489	
415	415	-1455	-1455	
416	416	-1150	-1150	
417	417	-1150	-1150	
418	418	-1455	-1455	
419	419	-1489	-1489	
420	420	-663	-663	
421	421	663	663	
422	422	1489	1489	
423	423	1455	1455	
424	424	1150	1150	
425	425	1150	1150	
426	426	1455	1455	
427	427	1489	1489	
428	428	663	663	
429	429	-663	-663	
430	430	-1489	-1489	
431	431	-1455	-1455	
432	432	-1150	-1150	
433	433	-1150	-1150	
434	434	-1455	-1455	
435	435	-1489	-1489	
436	436	-663	-663	
437	437	663	663	
438	438	1489	1489	
439	439	1455	1455	
440	440	1150	1150	
441	441	1150	1150	
442	442	1455	1455	
443	443	1489	1489	
444	444	663	663	
445	445	-663	-663	
446	446	-1489	-1489	
447	447	-1455	-1455	
448	448	-1150	-1150	
449	449	-1150	-1150	
450	450	-1455	-1455	
451	451	-1489	-1489	
452	452	-663	-663	
453	453	663	663	
454	454	1489	1489	
455	455	1455	1455	
456	456	1150	1150	
457	457	1150	1150	
458	458	1455	1455	
459	459	1489	1489	
460	460	663	663	
461	461	-663	-663	
462	462	-1489	-1489	
463	463	-1455	-1455	
464	464	-1150	-1150	
465	465	-1150	-1150	
466	466	-1455	-1455	
467	467	-1489	-1489	
468	468	-663	-663	
469	469	663	663	
470	470	1489	1489	
471	471	1455	1455	
472	472	1150	1150	
473	473	1150	1150	
474	474	1455	1455	
475	475	1489	1489	
476	476	663	663	
477	477	-663	-663	
478	478	-1489	-1489	
479	479	-1455	-1455	
480	480	-1150	-1150	
481	481	-1150	-1150	
482	482	-1455	-1455	
483	483	-1489	-1489	
484	484	-663	-663	
485	485	663	663	
486	486	1489	1489	
487	487	1455	1455	
488	488	1150	1150	
489	489	1150	1150	
490	490	1455	1455	
491	491	1489	1489	
492	492	663	663	
493	493	-663	-663	
494	494	-1489	-1489	
495	495	-1455	-1455	
496	496	-1150	-1150	
497	497	-1150	-1150	
498	498	-1455	-1455	
499	499	-1489	-1489	
500	500	-663	-663	
501	501	663	663	
502	502	1489	1489	
503	503	1455	1455	
504	504	1150	1150	
505	505	1150	1150	
506	506	1455	1455	
507	507	1489	1489	
508	508	663	663	
509	509	-663	-663	
510	510	-1489	-1489	
511	511	-1455	-1455	
512	512	-1150	-1150	
513	513	-1150	-1150	
514	514	-1455	-1455	
515	515	-1489	-1489	
516	516	-663	-663	
517	517	663	663	
518	518	1489	1489	
519	519	1455	1455	
520	520	1150	1150	
521	521	1150	1150	
522	522	1455	1455	
523	523	1489	1489	
524	524	663	663	
525	525	-663	-663	
526	526	-1489	-1489	
527	527	-1455	-1455	
528	528	-1150	-1150	
529	529	-1150	-1150	
530	530	-1455	-1455	
531	531	-1489	-1489	
532	532	-663	-663	
533	533	663	663	
534	534	1489	1489	
535	535	1455	1455	
536	536	1150	1150	
537	537	1150	1150	
538	538	1455	1455	
539	539	1489	1489	
540	540	663	663	
541	541	-663	-663	
542	542	-1489	-1489	
543	543	-1455	-1455	
544	544	-1150	-1150	
545	545	-1150	-1150	
546	546	-1455	-1455	
547	547	-1489	-1489	
548	548	-663	-663	
549	549	690	663	
550	550	1493	1489	
551	551	1410	1455	
552	552	1190	1150	
553	553	1258	1150	
554	554	1342	1455	
555	555	1294	1489	
556	556	1270	663	
557	557	1270	-663	
558	558	1294	-1489	
559	559	1342	-1455	
560	560	1258	-1150	
561	561	1190	-1150	
562	562	1410	-1455	
563	563	1493	-1489	
564	564	690	-663	
565	565	-690	690	
566	566	-1493	1493	
567	567	-1410	1410	
568	568	-1190	1190	
569	569	-1258	1258	
570	570	-1342	1342	
571	571	-1294	1294	
572	572	-1270	1270	
573	573	-1270	1297	
574	574	-1294	1297	
575	575	-1342	1297	
576	576	-1258	1297	
577	577	-1190	1297	
578	578	-1410	1297	
579	579	-1493	1297	
580	580	-690	1297	
581	581	690	1270	
582	582	1493	1294	
583	583	1410	1342	
584	584	1190	1258	
585	585	1258	1190	
586	586	1342	1410	
587	587	1294	1493	
588	588	1270	690	
589	589	1270	-690	
590	590	1294	-1493	
591	591	1342	-1410	
592	592	1258	-1190	
593	593	1190	-1258	
594	594	1410	-1342	
595	595	1493	-1294	
596	596	690	-1270	
597	597	-690	-1297	
598	598	-1493	-1297	
599	599	-1410	-1297	
600	600	-1190	-1297	
601	601	-1258	-1297	
602	602	-1342	-1297	
603	603	-1294	-1297	
604	604	-1270	-1297	
605	605	-1270	-1297	
606	606	-1294	-1297	
607	607	-1342	-1297	
608	608	-1258	-1297	
609	609	-1190	-1297	
610	610	-1410	-1297	
611	611	-1493	-1297	
612	612	-690	-1297	
613	613	663	-1270	
614	614	1489	-1294	
615	615	1455	-1342	
616	616	1150	-1258	
617	617	1150	-1190	
618	618	1455	-1410	
619	619	1489	-1493	
620	620	663	-690	
621	621	-690	690	
622	622	-1493	1493	
623	623	-1410	1410	
624	624	-1190	1190	
625	625	-1258	1258	
626	626	-1342	1342	
627	627	-1294	1294	
628	628	-1270	1270	
629	629	-1297	1270	
630	630	-1297	1294	
631	631	-1297	1342	
632	632	-1297	1258	
633	633	-1297	1190	
634	634	-1297	1410	
635	635	-1297	1493	
636	636	-1297	690	
637	637	-1297	-663	
638	638	-1297	-1489	
639	639	-1297	-1455	
640	640	-1297	-1150	
641	641	-1297	-1150	
642	642	-1297	-1455	
643	643	-1297	-1489	
644	644	-1297	-663	
645	645	-1270	690	
646	646	-1294	1493	
647	647	-1342	1410	
648	648	-1258	1190	
649	649	-1190	1258	
650	650	-1410	1342	
651	651	-1493	1294	
652	652	-690	1270	
653	653	663	1270	
654	654	1489	1294	
655	655	1455	1342	
656	656	1150	1258	
657	657	1150	1190	
658	658	1455	1410	
659	659	1489	1493	
660	660	663	690	
661	661	-663	-690	
662	662	-1489	-1493	
663	663	-1455	-1410	
664	664	-1150	-1190	
665	665	-1150	-1258	
666	666	-1455	-1342	
667	667	-1489	-1294	
668	668	-663	-1270	
669	669	690	-1297	
670	670	1493	-1297	
671	671	1410	-1297	
672	672	1190	-1297	
673	673	1258	-1297	
674	674	1342	-1297	
675	675	1294	-1297	
676	676	1270	-1297	
677	677	1270	-1270	
678	678	1294	-1294	
679	679	1342	-1342	
680	680	1258	-1258	
681	681	1190	-1190	
682	682	1410	-1410	
683	683	1493	-1493	
684	684	690	-690	
685	685	-690	663	
686	686	-1493	1489	
687	687	-1410	1455	
688	688	-1190	1150	
689	689	-1258	1150	
690	690	-1342	1455	
691	691	-1294	1489	
692	692	-1270	663	
693	693	-1270	-690	
694	694	-1294	-1493	
695	695	-1342	-1410	
696	696	-1258	-1190	
697	697	-1190	-1258	
698	698	-1410	-1342	
699	699	-1493	-1294	
700	700	-690	-1270	
701	701	690	-1270	
702	702	1493	-1294	
703	703	1410	-1342	
704	704	1190	-1258	
705	705	1258	-1190	
706	706	1342	-1410	
707	707	1294	-1493	
708	708	1270	-690	
709	709	1297	690	
710	710	1297	1493	
711	711	1297	1410	
712	712	1297	1190	
713	713	1297	1258	
714	714	1297	1342	
715	715	1297	1294	
716	716	1297	1270	
717	717	1270	1297	
718	718	1294	1297	
719	719	1342	1297	
720	720	1258	1297	
721	721	1190	1297	
722	722	1410	1297	
723	723	1493	1297	
724	724	690	1297	
725	725	-663	1270	
726	726	-1489	1294	
727	727	-1455	1342	
728	728	-1150	1258	
729	729	-1150	1190	
730	730	-1455	1410	
731	731	-1489	1493	
732	732	-663	690	
733	733	690	-690	
734	734	1493	-1493	
735	735	1410	-1410	
736	736	1190	-1190	
737	737	1258	-1258	
738	738	1342	-1342	
739	739	1294	-1294	
740	740	1270	-1270	
741	741	1297	-1270	
742	742	1297	-1294	
743	743	1297	-1342	
744	744	1297	-1258	
745	745	1297	-1190	
746	746	1297	-1410	
747	747	1297	-1493	
748	748	1297	-690	
749	749	1270	690	
750	750	1294	1493	
751	751	1342	1410	
752	752	1258	1190	
753	753	1190	1258	
754	754	1410	1342	
755	755	1493	1294	
756	756	690	1270	
757	757	-663	1297	
758	758	-1489	1297	
759	759	-1455	1297	
760	760	-1150	1297	
761	761	-1150	1297	
762	762	-1455	1297	
763	763	-1489	1297	
764	764	-663	1297	
765	765	663	1270	
766	766	1489	1294	
767	767	1455	1342	
768	768	1150	1258	
769	769	1150	1190	
770	770	1455	1410	
771	771	1489	1493	
772	772	663	690	
773	773	-663	-690	
774	774	-1489	-1493	
775	775	-1455	-1410	
776	776	-1150	-1190	
777	777	-1150	-1258	
778	778	-1455	-1342	
779	779	-1489	-1294	
780	780	-663	-1270	
781	781	690	-1297	
782	782	1493	-1297	
783	783	1410	-1297	
784	784	1190	-1297	
785	785	1258	-1297	
786	786	1342	-1297	
787	787	1294	-1297	
788	788	1270	-1297	
789	789	1297	-1297	
790	790	1297	-1297	
791	791	1297	-1297	
792	792	1297	-1297	
793	793	1297	-1297	
794	794	1297	-1297	
795	795	1297	-1297	
796	796	1297	-1297	
797	797	1270	-1297	
798	798	1294	-1297	
799	799	1342	-1297	
800	800	1258	-1297	
801	801	1190	-1297	
802	802	1410	-1297	
803	803	1493	-1297	
804	804	690	-1297	
805	805	-663	-1297	
806	806	-1489	-1297	
807	807	-1455	-1297	
808	808	-1150	-1297	
809	809	-1150	-1297	
810	810	-1455	-1297	
811	811	-1489	-1297	
812	812	-663	-1297	
813	813	690	-1270	
814	814	1493	-1294	
815	815	1410	-1342	
816	816	1190	-1258	
817	817	1258	-1190	
818	818	1342	-1410	
819	819	1294	-1493	
820	820	1270	-690	
821	821	1297	690	
822	822	1297	1493	
823	823	1297	1410	
824	824	1297	1190	
825	825	1297	1258	
826	826	1297	1342	
827	827	1297	1294	
828	828	1297	1270	
829	829	1297	1270	
830	830	1297	1294	
831	831	1297	1342	
832	832	1297	1258	
833	833	1297	1190	
834	834	1297	1410	
835	835	1297	1493	
836	836	1297	690	
837	837	1270	-663	
838	838	1294	-1489	
839	839	1342	-1455	
840	840	1258	-1150	
841	841	1190	-1150	
842	842	1410	-1455	
843	843	1493	-1489	
844	844	690	-663	
845	845	-663	663	
846	846	-1489	1489	
847	847	-1455	1455	
848	848	-1150	1150	
849	849	-1150	1150	
850	850	-1455	1455	
851	851	-1489	1489	
852	852	-663	663	
853	853	690	-663	
854	854	1493	-1489	
855	855	1410	-1455	
856	856	1190	-1150	
857	857	1258	-1150	
858	858	1342	-1455	
859	859	1294	-1489	
860	860	1270	-663	
861	861	1270	690	
862	862	1294	1493	
863	863	1342	1410	
864	864	1258	1190	
865	865	1190	1258	
866	866	1410	1342	
867	867	1493	1294	
868	868	690	1270	
869	869	-690	1270	
870	870	-1493	1294	
871	871	-1410	1342	
872	872	-1190	1258	
873	873	-1258	1190	
874	874	-1342	1410	
875	875	-1294	1493	
876	876	-1270	690	
877	877	-1297	-690	
878	878	-1297	-1493	
879	879	-1297	-1410	
880	880	-1297	-1190	
881	881	-1297	-1258	
882	882	-1297	-1342	
883	883	-1297	-1294	
884	884	-1297	-1270	
885	885	-1297	-1270	
886	886	-1297	-1294	
887	887	-1297	-1342	
888	888	-1297	-1258	
889	889	-1297	-1190	
890	890	-1297	-1410	
891	891	-1297	-1493	
892	892	-1297	-690	
893	893	-1270	663	
894	894	-1294	1489	
895	895	-1342	1455	
896	896	-1258	1150	
897	897	-1190	1150	
898	898	-1410	1455	
899	899	-1493	1489	
900	900	-690	663	
901	901	690	-690	
902	902	1493	-1493	
903	903	1410	-1410	
904	904	1190	-1190	
905	905	1258	-1258	
906	906	1342	-1342	
907	907	1294	-1294	
908	908	1270	-1270	
909	909	1297	-1270	
910	910	1297	-1294	
911	911	1297	-1342	
912	912	1297	-1258	
913	913	1297	-1190	
914	914	1297	-1410	
915	915	1297	-1493	
916	916	1297	-690	
917	917	1270	690	
918	918	1294	1493	
919	919	1342	1410	
920	920	1258	1190	
921	921	1190	1258	
922	922	1410	1342	
923	923	1493	1294	
924	924	690	1270	
925	925	-690	1270	
926	926	-1493	1294	
927	927	-1410	1342	
928	928	-1190	1258	
929	929	-1258	1190	
930	930	-1342	1410	
931	931	-1294	1493	
932	932	-1270	690	
933	933	-1297	-690	
934	934	-1297	-1493	
935	935	-1297	-1410	
936	936	-1297	-1190	
937	937	-1297	-1258	
938	938	-1297	-1342	
939	939	-1297	-1294	
940	940	-1297	-1270	
941	941	-1270	-1297	
942	942	-1294	-1297	
943	943	-1342	-1297	
944	944	-1258	-1297	
945	945	-1190	-1297	
946	946	-1410	-1297	
947	947	-1493	-1297	
948	948	-690	-1297	
949	949	690	-1297	
950	950	1493	-1297	
951	951	1410	-1297	
952	952	1190	-1297	
953	953	1258	-1297	
954	954	1342	-1297	
955	955	1294	-1297	
956	956	1270	-1297	
957	957	1297	-1297	
958	958	1297	-1297	
959	959	1297	-1297	
960	960	1297	-1297	
961	961	1297	-1297	
962	962	1297	-1297	
963	963	1297	-1297	
964	964	1297	-1297	
965	965	1297	-1270	
966	966	1297	-1294	
967	967	1297	-1342	
968	968	1297	-1258	
969	969	1297	-1190	
970	970	1297	-1410	
971	971	1297	-1493	
972	972	1297	-690	
973	973	1270	690	
974	974	1294	1493	
975	975	1342	1410	
976	976	1258	1190	
977	977	1190	1258	
978	978	1410	1342	
979	979	1493	1294	
980	980	690	1270	
981	981	-663	1297	
982	982	-1489	1297	
983	983	-1455	1297	
984	984	-1150	1297	
985	985	-1150	1297	
986	986	-1455	1297	
987	987	-1489	1297	
988	988	-663	1297	
989	989	690	1297	
990	990	1493	1297	
991	991	1410	1297	
992	992	1190	1297	
993	993	1258	1297	
994	994	1342	1297	
995	995	1294	1297	
996	996	1270	1297	
997	997	1297	1270	
998	998	1297	1294	
999	999	1297	1342	
1000	1000	1297	1258	
1001	1001	1297	1190	
1002	1002	1297	1410	
1003	1003	1297	1493	
1004	1004	1297	690	
1005	1005	1297	-690	
1006	1006	1297	-1493	
1007	1007	1297	-1410	
1008	1008	1297	-1190	
1009	1009	1297	-1258	
1010	1010	1297	-1342	
1011	1011	1297	-1294	
1012	1012	1297	-1270	
1013	1013	1297	-1297	
1014	1014	1297	-1297	
1015	1015	1297	-1297	
1016	1016	1297	-1297	
1017	1017	1297	-1297	
1018	1018	1297	-1297	
1019	1019	1297	-1297	
1020	1020	1297	-1297	
1021	1021	1270	-1297	
1022	1022	1294	-1297	
1023	1023	1342	-1297	
1024	1024	1258	-1297	
1025	1025	1190	-1297	
1026	1026	1410	-1297	
1027	1027	1493	-1297	
1028	1028	690	-1297	
1029	1029	-690	-1270	
1030	1030	-1493	-1294	
1031	1031	-1410	-1342	
1032	1032	-1190	-1258	
1033	1033	-1258	-1190	
1034	1034	-1342	-1410	
1035	1035	-1294	-1493	
1036	1036	-1270	-690	
1037	1037	-1297	663	
1038	1038	-1297	1489	
1039	1039	-1297	1455	
1040	1040	-1297	1150	
1041	1041	-1297	1150	
1042	1042	-1297	1455	
1043	1043	-1297	1489	
1044	1044	-1297	663	
1045	1045	-1270	-663	
1046	1046	-1294	-1489	
1047	1047	-1342	-1455	
1048	1048	-1258	-1150	
1049	1049	-1190	-1150	
1050	1050	-1410	-1455	
1051	1051	-1493	-1489	
1052	1052	-690	-663	
1053	1053	690	663	
1054	1054	1493	1489	
1055	1055	1410	1455	
1056	1056	1190	1150	
1057	1057	1258	1150	
1058	1058	1342	1455	
1059	1059	1294	1489	
1060	1060	1270	663	
1061	1061	1270	-690	
1062	1062	1294	-1493	
1063	1063	1342	-1410	
1064	1064	1258	-1190	
1065	1065	1190	-1258	
1066	1066	1410	-1342	
1067	1067	1493	-1294	
1068	1068	690	-1270	
1069	1069	-663	-1270	
1070	1070	-1489	-1294	
1071	1071	-1455	-1342	
1072	1072	-1150	-1258	
1073	1073	-1150	-1190	
1074	1074	-1455	-1410	
1075	1075	-1489	-1493	
1076	1076	-663	-690	
1077	1077	663	663	
1078	1078	1489	1489	
1079	1079	1455	1455	
1080	1080	1150	1150	
1081	1081	1150	1150	
1082	1082	1455	1455	
1083	1083	1489	1489	
1084	1084	663	663	
1085	1085	-690	-690	
1086	1086	-1493	-1493	
1087	1087	-1410	-1410	
1088	1088	-1190	-1190	
1089	1089	-1258	-1258	
1090	1090	-1342	-1342	
1091	1091	-1294	-1294	
1092	1092	-1270	-1270	
1093	1093	-1297	-1297	
1094	1094	-1297	-1297	
1095	1095	-1297	-1297	
1096	1096	-1297	-1297	
1097	1097	-1297	-1297	
1098	1098	-1297	-1297	
1099	1099	-1297	-1297	
1100	1100	-1297	-1297	
1101	1101	-1297	-1297	
1102	1102	-1297	-1297	
1103	1103	-1297	-1297	
1104	1104	-1297	-1297	
1105	1105	-1297	-1297	
1106	1106	-1297	-1297	
1107	1107	-1297	-1297	
1108	1108	-1297	-1297	
1109	1109	-1297	-1297	
1110	1110	-1297	-1297	
1111	1111	-1297	-1297	
1112	1112	-1297	-1297	
1113	1113	-1297	-1297	
1114	1114	-1297	-1297	
1115	1115	-1297	-1297	
1116	1116	-1297	-1297	
1117	1117	-1297	-1297	
1118	1118	-1297	-1297	
1119	1119	-1297	-1297	
1120	1120	-1297	-1297	
1121	1121	-1297	-1297	
1122	1122	-1297	-1297	
1123	1123	-1297	-1297	
1124	1124	-1297	-1297	
1125	1125	-1297	-1297	
1126	1126	-1297	-1297	
1127	1127	-1297	-1297	
1128	1128	-1297	-1297	
1129	1129	-1297	-1297	
1130	1130	-1297	-1297	
1131	1131	-1297	-1297	
1132	1132	-1297	-1297	
1133	1133	-1297	-1297	
1134	1134	-1297	-1297	
1135	1135	-1297	-1297	
1136	1136	-1297	-1297	
1137	1137	-1297	-1297	
1138	1138	-1297	-1297	
1139	1139	-1297	-1297	
1140	1140	-1297	-1297	
1141	1141	-1297	-1297	
1142	1142	-1297	-1297	
1143	1143	-1297	-1297	
1144	1144	-1297	-1297	
1145	1145	-1297	-1297	
1146	1146	-1297	-1297	
1147	1147	-1297	-1297	
1148	1148	-1297	-1297	
1149	1149	-1297	-1297	
1150	1150	-1297	-1297	
1151	1151	-1297	-1297	
1152	1152	-1297	-1297	
1153	1153	-1297	-1297	
1154	1154	-1297	-1297	
1155	1155	-1297	-1297	
1156	1156	-1297	-1297	
1157	1157	-1270	-1297	
1158	1158	-1294	-1297	
1159	1159	-1342	-1297	
1160	1160	-1258	-1297	
1161	1161	-1190	-1297	
1162	1162	-1410	-1297	
1163	1163	-1493	-1297	
1164	1164	-690	-1297	
1165	1165	663	-1297	
1166	1166	1489	-1297	
1167	1167	1455	-1297	
1168	1168	1150	-1297	
1169	1169	1150	-1297	
1170	1170	1455	-1297	
1171	1171	1489	-1297	
1172	1172	663	-1297	
1173	1173	-690	-1297	
1174	1174	-1493	-1297	
1175	1175	-1410	-1297	
1176	1176	-1190	-1297	
1177	1177	-1258	-1297	
1178	1178	-1342	-1297	
1179	1179	-1294	-1297	
1180	1180	-1270	-1297	
1181	1181	-1297	-1297	
1182	1182	-1297	-1297	
1183	1183	-1297	-1297	
1184	1184	-1297	-1297	
1185	1185	-1297	-1297	
1186	1186	-1297	-1297	
1187	1187	-1297	-1297	
1188	1188	-1297	-1297	
1189	1189	-1297	-1297	
1190	1190	-1297	-1297	
1191	1191	-1297	-1297	
1192	1192	-1297	-1297	
1193	1193	-1297	-1297	
1194	1194	-1297	-1297	
1195	1195	-1297	-1297	
1196	1196	-1297	-1297	
1197	1197	-1297	-1270	
1198	1198	-1297	-1294	
1199	1199	-1297	-1342	
1200	1200	-1297	-1258	
1201	1201	-1297	-1190	
1202	1202	-1297	-1410	
1203	1203	-1297	-1493	
1204	1204	-1297	-690	
1205	1205	-1297	690	
1206	1206	-1297	1493	
1207	1207	-1297	1410	
1208	1208	-1297	1190	
1209	1209	-1297	1258	
1210	1210	-1297	1342	
1211	1211	-1297	1294	
1212	1212	-1297	1270	
1213	1213	-1270	1270	
1214	1214	-1294	1294	
1215	1215	-1342	1342	
1216	1216	-1258	1258	
1217	1217	-1190	1190	
1218	1218	-1410	1410	
1219	1219	-1493	1493	
1220	1220	-690	690	
1221	1221	690	-690	
1222	1222	1493	-1493	
1223	1223	1410	-1410	
1224	1224	1190	-1190	
1225	1225	1258	-1258	
1226	1226	1342	-1342	
1227	1227	1294	-1294	
1228	1228	1270	-1270	
1229	1229	1297	-1297	
1230	1230	1297	-1297	
1231	1231	1297	-1297	
1232	1232	1297	-1297	
1233	1233	1297	-1297	
1234	1234	1297	-1297	
1235	1235	1297	-1297	
1236	1236	1297	-1297	
1237	1237	1270	-1270	
1238	1238	1294	-1294	
1239	1239	1342	-1342	
1240	1240	1258	-1258	
1241	1241	1190	-1190	
1242	1242	1410	-1410	
1243	1243	1493	-1493	
1244	1244	690	-690	
1245	1245	-663	663	
1246	1246	-1489	1489	
1247	1247	-1455	1455	
1248	1248	-1150	1150	
1249	1249	-1150	1150	
1250	1250	-1455	1455	
1251	1251	-1489	1489	
1252	1252	-663	663	
1253	1253	663	-690	
1254	1254	1489	-1493	
1255	1255	1455	-1410	
1256	1256	1150	-1190	
1257	1257	1150	-1258	
1258	1258	1455	-1342	
1259	1259	1489	-1294	
1260	1260	663	-1270	
1261	1261	-663	-1270	
1262	1262	-1489	-1294	
1263	1263	-1455	-1342	
1264	1264	-1150	-1258	
1265	1265	-1150	-1190	
1266	1266	-1455	-1410	
1267	1267	-1489	-1493	
1268	1268	-663	-690	
1269	1269	663	690	
1270	1270	1489	1493	
1271	1271	1455	1410	
1272	1272	1150	1190	
1273	1273	1150	1258	
1274	1274	1455	1342	
1275	1275	1489	1294	
1276	1276	663	1270	
1277	1277	-663	1270	
1278	1278	-1489	1294	
1279	1279	-1455	1342	
1280	1280	-1150	1258	
1281	1281	-1150	1190	
1282	1282	-1455	1410	
1283	1283	-1489	1493	
1284	1284	-663	690	
1285	1285	663	-690	
1286	1286	1489	-1493	
1287	1287	1455	-1410	
1288	1288	1150	-1190	
1289	1289	1150	-1258	
1290	1290	1455	-1342	
1291	1291	1489	-1294	
1292	1292	663	-1270	
1293	1293	-663	-1270	
1294	1294	-1489	-1294	
1295	1295	-1455	-1342	
1296	1296	-1150	-1258	
1297	1297	-1150	-1190	
1298	1298	-1455	-1410	
1299	1299	-1489	-1493	
1300	1300	-663	-690	
1301	1301	663	690	
1302	1302	1489	1493	
1303	1303	1455	1410	
1304	1304	1150	1190	
1305	1305	1150	1258	
1306	1306	1455	1342	
1307	1307	1489	1294	
1308	1308	663	1270	
1309	1309	-663	1270	
1310	1310	-1489	1294	
1311	1311	-1455	1342	
1312	1312	-1150	1258	
1313	1313	-1150	1190	
1314	1314	-1455	1410	
1315	1315	-1489	1493	
1316	1316	-663	690	
1317	1317	690	-663	
1318	1318	1493	-1489	
1319	1319	1410	-1455	
1320	1320	1190	-1150	
1321	1321	1258	-1150	
1322	1322	1342	-1455	
1323	1323	1294	-1489	
1324	1324	1270	-663	
1325	1325	1297	690	
1326	1326	1297	1493	
1327	1327	1297	1410	
1328	1328	1297	1190	
1329	1329	1297	1258	
1330	1330	1297	1342	
1331	1331	1297	1294	
1332	1332	1297	1270	
1333	1333	1270	1297	
1334	1334	1294	1297	
1335	1335	1342	1297	
1336	1336	1258	1297	
1337	1337	1190	1297	
1338	1338	1410	1297	
1339	1339	1493	1297	
1340	1340	690	1297	
1341	1341	-663	1270	
1342	1342	-1489	1294	
1343	1343	-1455	1342	
1344	1344	-1150	1258	
1345	1345	-1150	1190	
1346	1346	-1455	1410	
1347	1347	-1489	1493	
1348	1348	-663	690	
1349	1349	663	-690	
1350	1350	1489	-1493	
1351	1351	1455	-1410	
1352	1352	1150	-1190	
1353	1353	1150	-1258	
1354	1354	1455	-1342	
1355	1355	1489	-1294	
1356	1356	663	-1270	
1357	1357	-690	-1297	
1358	1358	-1493	-1297	
1359	1359	-1410	-1297	
1360	1360	-1190	-1297	
1361	1361	-1258	-1297	
1362	1362	-1342	-1297	
1363	1363	-1294	-1297	
1364	1364	-1270	-1297	
1365	1365	-1297	-1270	
1366	1366	-1297	-1294	
1367	1367	-1297	-1342	
1368	1368	-1297	-1258	
1369	1369	-1297	-1190	
1370	1370	-1297	-1410	
1371	1371	-1297	-1493	
1372	1372	-1297	-690	
1373	1373	-1297	663	
1374	1374	-1297	1489	
1375	1375	-1297	1455	
1376	1376	-1297	1150	
1377	1377	-1297	1150	
1378	1378	-1297	1455	
1379	1379	-1297	1489	
1380	1380	-1297	663	
1381	1381	-1270	-663	
1382	1382	-1294	-1489	
1383	1383	-1342	-1455	
1384	1384	-1258	-1150	
1385	1385	-1190	-1150	
1386	1386	-1410	-1455	
1387	1387	-1493	-1489	
1388	1388	-690	-663	
1389	1389	690	663	
1390	1390	1493	1489	
1391	1391	1410	1455	
1392	1392	1190	1150	
1393	1393	1258	1150	
1394	1394	1342	1455	
1395	1395	1294	1489	
1396	1396	1270	663	
1397	1397	1297	-663	
1398	1398	1297	-1489	
1399	1399	1297	-1455	
1400	1400	1297	-1150	
1401	1401	1297	-1150	
1402	1402	1297	-1455	
1403	1403	1297	-1489	
1404	1404	1297	-663	
1405	1405	1297	663	
1406	1406	1297	1489	
1407	1407	1297	1455	
1408	1408	1297	1150	
1409	1409	1297	1150	
1410	1410	1297	1455	
1411	1411	1297	1489	
1412	1412	1297	663	
1413	1413	1297	-663	
1414	1414	1297	-1489	
1415	1415	1297	-1455	
1416	1416	1297	-1150	
1417	1417	1297	-1150	
1418	1418	1297	-1455	
1419	1419	1297	-1489	
1420	1420	1297	-663	
1421	1421	1297	690	
1422	1422	1297	1493	
1423	1423	1297	1410	
1424	1424	1297	1190	
1425	1425	1297	1258	
1426	1426	1297	1342	
1427	1427	1297	1294	
1428	1428	1297	1270	
1429	1429	1270	1297	
1430	1430	1294	1297	
1431	1431	1342	1297	
1432	1432	1258	1297	
1433	1433	1190	1297	
1434	1434	1410	1297	
1435	1435	1493	1297	
1436	1436	690	1297	
1437	1437	-663	1270	
1438	1438	-1489	1294	
1439	1439	-1455	1342	
1440	1440	-1150	1258	
1441	1441	-1150	1190	
1442	1442	-1455	1410	
1443	1443	-1489	1493	
1444	1444	-663	690	
1445	1445	663	-663	
1446	1446	1489	-1489	
1447	1447	1455	-1455	
1448	1448	1150	-1150	
1449	1449	1150	-1150	
1450	1450	1455	-1455	
1451	1451	1489	-1489	
1452	1452	663	-663	
1453	1453	-690	663	
1454	1454	-1493	1489	
1455	1455	-1410	1455	
1456	1456	-1190	1150	
1457	1457	-1258	1150	
1458	1458	-1342	1455	
1459	1459	-1294	1489	
1460	1460	-1270	663	
1461	1461	-1270	-663	
1462	1462	-1294	-1489	
1463	1463	-1342	-1455	
1464	1464	-1258	-1150	
1465	1465	-1190	-1150	
1466	1466	-1410	-1455	
1467	1467	-1493	-1489	
1468	1468	-690	-663	
1469	1469	690	663	
1470	1470	1493	1489	
1471	1471	1410	1455	
1472	1472	1190	1150	
1473	1473	1258	1150	
1474	1474	1342	1455	
1475	1475	1294	1489	
1476	1476	1270	663	
1477	1477	1270	-690	
1478	1478	1294	-1493	
1479	1479	1342	-1410	
1480	1480	1258	-1190	
1481	1481	1190	-1258	
1482	1482	1410	-1342	
1483	1483	1493	-1294	
1484	1484	690	-1270	
1485	1485	-663	-1270	
1486	1486	-1489	-1294	
1487	1487	-1455	-1342	
1488	1488	-1150	-1258	
1489	1489	-1150	-1190	
1490	1490	-1455	-1410	
1491	1491	-1489	-1493	
1492	1492	-663	-690	
1493	1493	663	690	
1494	1494	1489	1493	
1495	1495	1455	1410	
1496	1496	1150	1190	
1497	1497	1150	1258	
1498	1498	1455	1342	
1499	1499	1489	1294	
1500	1500	663	1270	
1501	1501	-663	1270	
1502	1502	-1489	1294	
1503	1503	-1455	1342	
1504	1504	-1150	1258	
1505	1505	-1150	1190	
1506	1506	-1455	1410	
1507	1507	-1489	1493	
1508	1508	-663	690	
1509	1509	663	-690	
1510	1510	1489	-1493	
1511	1511	1455	-1410	
1512	1512	1150	-1190	
1513	1513	1150	-1258	
1514	1514	1455	-1342	
1515	1515	1489	-1294	
1516	1516	663	-1270	
1517	1517	-663	-1297	
1518	1518	-1489	-1297	
1519	1519	-1455	-1297	
1520	1520	-1150	-1297	
1521	1521	-1150	-1297	
1522	1522	-1455	-1297	
1523	1523	-1489	-1297	
1524	1524	-663	-1297	
1525	1525	663	-1270	
1526	1526	1489	-1294	
1527	1527	1455	-1342	
1528	1528	1150	-1258	
1529	1529	1150	-1190	
1530	1530	1455	-1410	
1531	1531	1489	-1493	
1532	1532	663	-690	
1533	1533	-663	663	
1534	1534	-1489	1489	
1535	1535	-1455	1455	
1536	1536	-1150	1150	
1537	1537	-1150	1150	
1538	1538	-1455	1455	
1539	1539	-1489	1489	
1540	1540	-663	663	
1541	1541	690	-690	
1542	1542	1493	-1493	
1543	1543	1410	-1410	
1544	1544	1190	-1190	
1545	1545	1258	-1258	
1546	1546	1342	-1342	
1547	1547	1294	-1294	
1548	1548	1270	-1270	
1549	1549	1270	-1297	
1550	1550	1294	-1297	
1551	1551	1342	-1297	
1552	1552	1258	-1297	
1553	1553	1190	-1297	
1554	1554	1410	-1297	
1555	1555	1493	-1297	
1556	1556	690	-1297	
1557	1557	-690	-1270	
1558	1558	-1493	-1294	
1559	1559	-1410	-1342	
1560	1560	-1190	-1258	
1561	1561	-1258	-1190	
1562	1562	-1342	-1410	
1563	1563	-1294	-1493	
1564	1564	-1270	-690	
1565	1565	-1297	663	
1566	1566	-1297	1489	
1567	1567	-1297	1455	
1568	1568	-1297	1150	
1569	1569	-1297	1150	
1570	1570	-1297	1455	
1571	1571	-1297	1489	
1572	1572	-1297	663	
1573	1573	-1297	-663	
1574	1574	-1297	-1489	
1575	1575	-1297	-1455	
1576	1576	-1297	-1150	
1577	1577	-1297	-1150	
1578	1578	-1297	-1455	
1579	1579	-1297	-1489	
1580	1580	-1297	-663	
1581	1581	-1270	663	
1582	1582	-1294	1489	
1583	1583	-1342	1455	
1584	1584	-1258	1150	
1585	1585	-1190	1150	
1586	1586	-1410	1455	
1587	1587	-1493	1489	
1588	1588	-690	663	
1589	1589	663	-690	
1590	1590	1489	-1493	
1591	1591	1455	-1410	
1592	1592	1150	-1190	
1593	1593	1150	-1258	
1594	1594	1455	-1342	
1595	1595	1489	-1294	
1596	1596	663	-1270	
1597	1597	-663	-1270	
1598	1598	-1489	-1294	
1599	1599	-1455	-1342	
1600	1600	-1150	-1258	
1601	1601	-1150	-1190	
1602	1602	-1455	-1410	
1603	1603	-1489	-1493	
1604	1604	-663	-690	
1605	1605	663	663	
1606	1606	1489	1489	
1607	1607	1455	1455	
1608	1608	1150	1150	
1609	1609	1150	1150	
1610	1610	1455	1455	
1611	1611	1489	1489	
1612	1612	663	663	
1613	1613	-663	-690	
1614	1614	-1489	-1493	
1615	1615	-1455	-1410	
1616	1616	-1150	-1190	
1617	1617	-1150	-1258	
1618	1618	-1455	-1342	
1619	1619	-1489	-1294	
1620	1620	-663	-1270	
1621	1621	663	-1270	
1622	1622	1489	-1294	
1623	1623	1455	-1342	
1624	1624	1150	-1258	
1625	1625	1150	-1190	
1626	1626	1455	-1410	
1627	1627	1489	-1493	
1628	1628	663	-690	
1629	1629	-663	690	
1630	1630	-1489	1493	
1631	1631	-1455	1410	
1632	1632	-1150	1190	
1633	1633	-1150	1258	
1634	1634	-1455	1342	
1635	1635	-1489	1294	
1636	1636	-663	1270	
1637	1637	690	1297	
1638	1638	1493	1297	
1639	1639	1410	1297	
1640	1640	1190	1297	
1641	1641	1258	1297	
1642	1642	1342	1297	
1643	1643	1294	1297	
1644	1644	1270	1297	
1645	1645	1297	1270	
1646	1646	1297	1294	
1647	1647	1297	1342	
1648	1648	1297	1258	
1649	1649	1297	1190	
1650	1650	1297	1410	
1651	1651	1297	1493	
1652	1652	1297	690	
1653	1653	1297	-663	
1654	1654	1297	-1489	
1655	1655	1297	-1455	
1656	1656	1297	-1150	
1657	1657	1297	-1150	
1658	1658	1297	-1455	
1659	1659	1297	-1489	
1660	1660	1297	-663	
1661	1661	1270	663	
1662	1662	1294	1489	
1663	1663	1342	1455	
1664	1664	1258	1150	
1665	1665	1190	1150	
1666	1666	1410	1455	
1667	1667	1493	1489	
1668	1668	690	663	
1669	1669	-690	-663	
1670	1670	-1493	-1489	
1671	1671	-1410	-1455	
1672	1672	-1190	-1150	
1673	1673	-1258	-1150	
1674	1674	-1342	-1455	
1675	1675	-1294	-1489	
1676	1676	-1270	-663	
1677	1677	-1297	663	
1678	1678	-1297	1489	
1679	1679	-1297	1455	
1680	1680	-1297	1150	
1681	1681	-1297	1150	
1682	1682	-1297	1455	
1683	1683	-1297	1489	
1684	1684	-1297	663	
1685	1685	-1297	-690	
1686	1686	-1297	-1493	
1687	1687	-1297	-1410	
1688	1688	-1297	-1190	
1689	1689	-1297	-1258	
1690	1690	-1297	-1342	
1691	1691	-1297	-1294	
1692	1692	-1297	-1270	
1693	1693	-1270	-1297	
1694	1694	-1294	-1297	
1695	1695	-1342	-1297	
1696	1696	-1258	-1297	
1697	1697	-1190	-1297	
1698	1698	-1410	-1297	
1699	1699	-1493	-1297	
1700	1700	-690	-1297	
1701	1701	690	-1297	
1702	1702	1493	-1297	
1703	1703	1410	-1297	
1704	1704	1190	-1297	
1705	1705	1258	-1297	
1706	1706	1342	-1297	
1707	1707	1294	-1297	
1708	1708	1270	-1297	
1709	1709	1297	-1270	
1710	1710	1297	-1294	
1711	1711	1297	-1342	
1712	1712	1297	-1258	
1713	1713	1297	-1190	
1714	1714	1297	-1410	
1715	1715	1297	-1493	
1716	1716	1297	-690	
1717	1717	1270	663	
1718	1718	1294	1489	
1719	1719	1342	1455	
1720	1720	1258	1150	
1721	1721	1190	1150	
1722	1722	1410	1455	
1723	1723	1493	1489	
1724	1724	690	663	
1725	1725	-663	-690	
1726	1726	-1489	-1493	
1727	1727	-1455	-1410	
1728	1728	-1150	-1190	
1729	1729	-1150	-1258	
1730	1730	-1455	-1342	
1731	1731	-1489	-1294	
1732	1732	-663	-1270	
1733	1733	676	-1284	
1734	1734	1491	-1296	
1735	1735	1432	-1320	
1736	1736	1170	-1278	
1737	1737	1204	-1244	
1738	1738	1398	-1354	
1739	1739	1391	-1395	
1740	1740	966	-994	
1741	1741	304	-304	
1742	1742	-98	98	
1743	1743	-56	56	
1744	1744	54	-54	
1745	1745	20	-20	
1746	1746	-23	23	
1747	1747	2	-2	
1748	1748	14	-14	
1749	1749	0	0	
1750	1750	0	0	
1751	1751	0	0	
1752	1752	0	0	
1753	1753	0	0	
1754	1754	0	0	
1755	1755	0	0	
1756	1756	0	0	
1757	1757	0	0	
1758	1758	0	0	
1759	1759	0	0	
1760	1760	0	0	
1761	1761	0	0	
1762	1762	0	0	
1763	1763	0	0	
1764	1764	0	0	
1765	1765	0	0	
1766	1766	0	0	
1767	1767	0	0	
1768	1768	0	0	
1769	1769	0	0	
1770	1770	0	0	
1771	1771	0	0	
1772	1772	0	0	
1773	1773	0	0	
1774	1774	0	0	
1775	1775	0	0	
1776	1776	0	0	
1777	1777	0	0	
1778	1778	0	0	
1779	1779	0	0	
1780	1780	0	0	
1781	1781	0	0	
1782	1782	0	0	
1783	1783	0	0	
1784	1784	0	0	
1785	1785	0	0	
1786	1786	0	0	
1787	1787	0	0	
1788	1788	0	0	
1789	1789	0	0	
1790	1790	0	0	
1791	1791	0	0	
1792	1792	0	0	
1793	1793	0	0	
1794	1794	0	0	
1795	1795	0	0	
1796	1796	0	0	
1797	1797	0	0	
1798	1798	0	0	
1799	1799	0	0	
1800	1800	0	0	
1801	1801	0	0	
1802	1802	0	0	
1803	1803	0	0	
1804	1804	0	0	
1805	1805	0	0	
1806	1806	0	0	
1807	1807	0	0	
1808	1808	0	0	
1809	1809	0	0	
1810	1810	0	0	
1811	1811	0	0	
1812	1812	0	0	
1813	1813	0	0	
1814	1814	0	0	
1815	1815	0	0	
1816	1816	0	0	
1817	1817	0	0	
1818	1818	0	0	
1819	1819	0	0	
1820	1820	0	0	
1821	1821	0	0	
1822	1822	0	0	
1823	1823	0	0	
1824	1824	0	0	
1825	1825	0	0	
1826	1826	0	0	
1827	1827	0	0	
1828	1828	0	0	
1829	1829	0	0	
1830	1830	0	0	
1831	1831	0	0	
1832	1832	0	0	
1833	1833	0	0	
1834	1834	0	0	
1835	1835	0	0	
1836	1836	0	0	
1837	1837	0	0	
1838	1838	0	0	
1839	1839	0	0	
1840	1840	0	0	
1841	1841	0	0	
1842	1842	0	0	
1843	1843	0	0	
1844	1844	0	0	
1845	1845	0	0	
1846	1846	0	0	
1847	1847	0	0	
1848	1848	0	0	
1849	1849	0	0	
1850	1850	0	0	
1851	1851	0	0	
1852	1852	0	0	
1853	1853	0	0	
1854	1854	0	0	
1855	1855	0	0	
1856	1856	0	0	
1857	1857	0	0	
1858	1858	0	0	
1859	1859	0	0	
1860	1860	0	0	
1861	1861	0	0	
1862	1862	0	0	
1863	1863	0	0	
1864	1864	0	0	
1865	1865	0	0	
1866	1866	0	0	
1867	1867	0	0	
1868	1868	0	0	
1869	1869	0	0	
1870	1870	0	0	
1871	1871	0	0	
1872	1872	0	0	
1873	1873	0	0	
1874	1874	0	0	
1875	1875	0	0	
1876	1876	0	0	
1877	1877	0	0	
1878	1878	0	0	
1879	1879	0	0	
1880	1880	0	0	
1881	1881	0	0	
1882	1882	0	0	
1883	1883	0	0	
1884	1884	0	0	
1885	1885	0	0	
1886	1886	0	0	
1887	1887	0	0	
1888	1888	0	0	
1889	1889	0	0	
1890	1890	0	0	
1891	1891	0	0	
1892	1892	0	0	
1893	1893	0	0	
1894	1894	0	0	
1895	1895	0	0	
1896	1896	0	0	
1897	1897	0	0	
1898	1898	0	0	
1899	1899	0	0	
1900	1900	0	0	
1901	1901	0	0	
1902	1902	0	0	
1903	1903	0	0	
1904	1904	0	0	
1905	1905	0	0	
1906	1906	0	0	
1907	1907	0	0	
1908	1908	0	0	
1909	1909	0	0	
1910	1910	0	0	
1911	1911	0	0	
1912	1912	0	0	
1913	1913	0	0	
1914	1914	0	0	
1915	1915	0	0	
1916	1916	0	0	
1917	1917	0	0	
1918	1918	0	0	
1919	1919	0	0	
1920	1920	0	0	
1921	1921	0	0	
1922	1922	0	0	
1923	1923	0	0	
1924	1924	0	0	
1925	1925	0	0	
1926	1926	0	0	
1927	1927	0	0	
1928	1928	0	0	
1929	1929	0	0	
1930	1930	0	0	
1931	1931	0	0	
1932	1932	0	0	
1933	1933	0	0	
1934	1934	0	0	
1935	1935	0	0	
1936	1936	0	0	
1937	1937	0	0	
1938	1938	0	0	
1939	1939	0	0	
1940	1940	0	0	
1941	1941	0	0	
1942	1942	0	0	
1943	1943	0	0	
1944	1944	0	0	
1945	1945	0	0	
1946	1946	0	0	
1947	1947	0	0	
1948	1948	0	0	
1949	1949	0	0	
1950	1950	0	0	
1951	1951	0	0	
1952	1952	0	0	
1953	1953	0	0	
1954	1954	0	0	
1955	1955	0	0	
1956	1956	0	0	
1957	1957	0	0	
1958	1958	0	0	
1959	1959	0	0	
1960	1960	0	0	
1961	1961	0	0	
1962	1962	0	0	
1963	1963	0	0	
1964	1964	0	0	
1965	1965	0	0	
1966	1966	0	0	
1967	1967	0	0	
1968	1968	0	0	
1969	1969	0	0	
1970	1970	0	0	
1971	1971	0	0	
1972	1972	0	0	
1973	1973	0	0	
1974	1974	0	0	
1975	1975	0	0	
1976	1976	0	0	
1977	1977	0	0	
1978	1978	0	0	
1979	1979	0	0	
1980	1980	0	0	
1981	1981	0	0	
1982	1982	0	0	
1983	1983	0	0	
1984	1984	0	0	
1985	1985	0	0	
1986	1986	0	0	
1987	1987	0	0	
1988	1988	0	0	
1989	1989	0	0	
1990	1990	0	0	
1991	1991	0	0	
1992	1992	0	0	
1993	1993	0	0	
1994	1994	0	0	
1995	1995	0	0	
1996	1996	0	0	
1997	1997	0	0	
1998	1998	0	0	
1999	1999	0	0	
2000	2000	0	0	
2001	2001	0	0	
2002	2002	0	0	
2003	2003	0	0	
2004	2004	0	0	
2005	2005	0	0	
2006	2006	0	0	
2007	2007	0	0	
2008	2008	0	0	
2009	2009	0	0	
2010	2010	0	0	
2011	2011	0	0	
2012	2012	0	0	
2013	2013	0	0	
2014	2014	0	0	
2015	2015	0	0	
2016	2016	0	0	
2017	2017	0	0	
2018	2018	0	0	
2019	2019	0	0	
2020	2020	0	0	
2021	2021	0	0	
2022	2022	0	0	
2023	2023	0	0	
2024	2024	0	0	
2025	2025	0	0	
2026	2026	0	0	
2027	2027	0	0	
2028	2028	0	0	
2029	2029	0	0	
2030	2030	0	0	
2031	2031	0	0	
2032	2032	0	0	
2033	2033	0	0	
2034	2034	0	0	
2035	2035	0	0	
2036	2036	0	0	
2037	2037	0	0	
2038	2038	0	0	
2039	2039	0	0	
2040	2040	0	0	
2041	2041	0	0	
2042	2042	0	0	
2043	2043	0	0	
2044	2044	0	0	
2045	2045	0	0	
2046	2046	0	0	
2047	2047	0	0	
2048	2048	0	0	
2049	2049	0	0	
2050	2050	0	0	
2051	2051	0	0	
2052	2052	0	0	
2053	2053	0	0	
2054	2054	0	0	
2055	2055	0	0	
2056	2056	0	0	
2057	2057	0	0	
2058	2058	0	0	
2059	2059	0	0	
2060	2060	0	0	
2061	2061	0	0	
2062	2062	0	0	
2063	2063	0	0	
2064	2064	0	0	
2065	2065	0	0	
2066	2066	0	0	
2067	2067	0	0	
2068	2068	0	0	
2069	2069	0	0	
2070	2070	0	0	
2071	2071	0	0	
2072	2072	0	0	
2073	2073	0	0	
2074	2074	0	0	
2075	2075	0	0	
2076	2076	0	0	
2077	2077	0	0	
2078	2078	0	0	
2079	2079	0	0	
2080	2080	0	0	
2081	2081	0	0	
2082	2082	0	0	
2083	2083	0	0	
2084	2084	0	0	
2085	2085	0	0	
2086	2086	0	0	
2087	2087	0	0	
2088	2088	0	0	
2089	2089	0	0	
2090	2090	0	0	
2091	2091	0	0	
2092	2092	0	0	
2093	2093	0	0	
2094	2094	0	0	
2095	2095	0	0	
2096	2096	0	0	
2097	2097	0	0	
2098	2098	0	0	
2099	2099	0	0	
2100	2100	0	0	
2101	2101	0	0	
2102	2102	0	0	
2103	2103	0	0	
2104	2104	0	0	
2105	2105	0	0	
2106	2106	0	0	
2107	2107	0	0	
2108	2108	0	0	
2109	2109	0	0	
2110	2110	0	0	
2111	2111	0	0	
2112	2112	0	0	
2113	2113	0	0	
2114	2114	0	0	
2115	2115	0	0	
2116	2116	0	0	
2117	2117	0	0	
2118	2118	0	0	
2119	2119	0	0	
2120	2120	0	0	
2121	2121	0	0	
2122	2122	0	0	
2123	2123	0	0	
2124	2124	0	0	
2125	2125	0	0	
2126	2126	0	0	
2127	2127	0	0	
2128	2128	0	0	
2129	2129	0	0	
2130	2130	0	0	
2131	2131	0	0	
2132	2132	0	0	
2133	2133	0	0	
2134	2134	0	0	
2135	2135	0	0	
2136	2136	0	0	
2137	2137	0	0	
2138	2138	0	0	
2139	2139	0	0	
2140	2140	0	0	
2141	2141	0	0	
2142	2142	0	0	
2143	2143	0	0	
2144	2144	0	0	
2145	2145	0	0	
2146	2146	0	0	
2147	2147	0	0	
2148	2148	0	0	
2149	2149	0	0	
2150	2150	0	0	
2151	2151	0	0	
2152	2152	0	0	
2153	2153	0	0	
2154	2154	0	0	
2155	2155	0	0	
2156	2156	0	0	
2157	2157	0	0	
2158	2158	0	0	
2159	2159	0	0	
2160	2160	0	0	
2161	2161	0	0	
2162	2162	0	0	
2163	2163	0	0	
2164	2164	0	0	
2165	2165	0	0	
2166	2166	0	0	
2167	2167	0	0	
2168	2168	0	0	
2169	2169	0	0	
2170	2170	0	0	
2171	2171	0	0	
2172	2172	0	0	
2173	2173	0	0	
2174	2174	0	0	
2175	2175	0	0	
2176	2176	0	0	
2177	2177	0	0	
2178	2178	0	0	
2179	2179	0	0	
2180	2180	0	0	
2181	2181	0	0	
2182	2182	0	0	
2183	2183	0	0	
2184	2184	0	0	
2185	2185	0	0	
2186	2186	0	0	
2187	2187	0	0	
2188	2188	0	0	
2189	2189	0	0	
2190	2190	0	0	
2191	2191	0	0	
2192	2192	0	0	
2193	2193	0	0	
2194	2194	0	0	
2195	2195	0	0	
2196	2196	0	0	
2197	2197	0	0	
2198	2198	0	0	
2199	2199	0	0	
2200	2200	0	0	
2201	2201	0	0	
2202	2202	0	0	
2203	2203	0	0	
2204	2204	0	0	
2205	2205	0	0	
2206	2206	0	0	
2207	2207	0	0	
2208	2208	0	0	
2209	2209	0	0	
2210	2210	0	0	
2211	2211	0	0	
2212	2212	0	0	
2213	2213	0	0	
2214	2214	0	0	
2215	2215	0	0	
2216	2216	0	0	
2217	2217	0	0	
2218	2218	0	0	
2219	2219	0	0	
2220	2220	0	0	
2221	2221	0	0	
2222	2222	0	0	
2223	2223	0	0	
2224	2224	0	0	
2225	2225	0	0	
2226	2226	0	0	
2227	2227	0	0	
2228	2228	0	0	
2229	2229	0	0	
2230	2230	0	0	
2231	2231	0	0	
2232	2232	0	0	
2233	2233	0	0	
2234	2234	0	0	
2235	2235	0	0	
2236	2236	0	0	
2237	2237	0	0	
2238	2238	0	0	
2239	2239	0	0	
2240	2240	0	0	
2241	2241	0	0	
2242	2242	0	0	
2243	2243	0	0	
2244	2244	0	0	
2245	2245	0	0	
2246	2246	0	0	
2247	2247	0	0	
2248	2248	0	0	
2249	2249	0	0	
2250	2250	0	0	
2251	2251	0	0	
2252	2252	0	0	
2253	2253	0	0	
2254	2254	0	0	
2255	2255	0	0	
2256	2256	0	0	
2257	2257	0	0	
2258	2258	0	0	
2259	2259	0	0	
2260	2260	0	0	
2261	2261	0	0	
2262	2262	0	0	
2263	2263	0	0	
2264	2264	0	0	
2265	2265	0	0	
2266	2266	0	0	
2267	2267	0	0	
2268	2268	0	0	
2269	2269	0	0	
2270	2270	0	0	
2271	2271	0	0	
2272	2272	0	0	
2273	2273	0	0	
2274	2274	0	0	
2275	2275	0	0	
2276	2276	0	0	
2277	2277	0	0	
2278	2278	0	0	
2279	2279	0	0	
2280	2280	0	0	
2281	2281	0	0	
2282	2282	0	0	
2283	2283	0	0	
2284	2284	0	0	
2285	2285	0	0	
2286	2286	0	0	
2287	2287	0	0	
2288	2288	0	0	
2289	2289	0	0	
2290	2290	0	0	
2291	2291	0	0	
2292	2292	0	0	
2293	2293	0	0	
2294	2294	0	0	
2295	2295	0	0	
2296	2296	0	0	
2297	2297	0	0	
2298	2298	0	0	
2299	2299	0	0	
2300	2300	0	0	
2301	2301	0	0	
2302	2302	0	0	
2303	2303	0	0	
2304	2304	0	0	
2305	2305	0	0	
2306	2306	0	0	
2307	2307	0	0	
2308	2308	0	0	
2309	2309	0	0	
2310	2310	0	0	
2311	2311	0	0	
2312	2312	0	0	
2313	2313	0	0	
2314	2314	0	0	
2315	2315	0	0	
2316	2316	0	0	
2317	2317	0	0	
2318	2318	0	0	
2319	2319	0	0	
2320	2320	0	0	
2321	2321	0	0	
2322	2322	0	0	
2323	2323	0	0	
2324	2324	0	0	
2325	2325	0	0	
2326	2326	0	0	
2327	2327	0	0	
2328	2328	0	0	
2329	2329	0	0	
2330	2330	0	0	
2331	2331	0	0	
2332	2332	0	0	
2333	2333	0	0	
2334	2334	0	0	
2335	2335	0	0	
2336	2336	0	0	
2337	2337	0	0	
2338	2338	0	0	
2339	2339	0	0	
2340	2340	0	0	
2341	2341	0	0	
2342	2342	0	0	
2343	2343	0	0	
2344	2344	0	0	
2345	2345	0	0	
2346	2346	0	0	
2347	2347	0	0	
2348	2348	0	0	
2349	2349	0	0	
2350	2350	0	0	
2351	2351	0	0	
2352	2352	0	0	
2353	2353	0	0	
2354	2354	0	0	
2355	2355	0	0	
2356	2356	0	0	
2357	2357	0	0	
2358	2358	0	0	
2359	2359	0	0	
2360	2360	0	0	
2361	2361	0	0	
2362	2362	0	0	
2363	2363	0	0	
2364	2364	0	0	
2365	2365	0	0	
2366	2366	0	0	
2367	2367	0	0	
2368	2368	0	0	
2369	2369	0	0	
2370	2370	0	0	
2371	2371	0	0	
2372	2372	0	0	
2373	2373	0	0	
2374	2374	0	0	
2375	2375	0	0	
2376	2376	0	0	
2377	2377	0	0	
2378	2378	0	0	
2379	2379	0	0	
2380	2380	0	0	
2381	2381	0	0	
2382	2382	0	0	
2383	2383	0	0	
2384	2384	0	0	
2385	2385	0	0	
2386	2386	0	0	
2387	2387	0	0	
2388	2388	0	0	
2389	2389	0	0	
2390	2390	0	0	
2391	2391	0	0	
2392	2392	0	0	
2393	2393	0	0	
2394	2394	0	0	
2395	2395	0	0	
2396	2396	0	0	
2397	2397	0	0	
2398	2398	0	0	
2399	2399	0	0	
2400	2400	0	0	
2401	2401	0	0	
2402	2402	0	0	
2403	2403	0	0	
2404	2404	0	0	
2405	2405	0	0	
2406	2406	0	0	
2407	2407	0	0	
2408	2408	0	0	
2409	2409	0	0	
2410	2410	0	0	
2411	2411	0	0	
2412	2412	0	0	
2413	2413	0	0	
2414	2414	0	0	
2415	2415	0	0	
2416	2416	0	0	
2417	2417	0	0	
2418	2418	0	0	
2419	2419	0	0	
2420	2420	0	0	
2421	2421	0	0	
2422	2422	0	0	
2423	2423	0	0	
2424	2424	0	0	
2425	2425	0	0	
2426	2426	0	0	
2427	2427	0	0	
2428	2428	0	0	
2429	2429	0	0	
2430	2430	0	0	
2431	2431	0	0	
2432	2432	0	0	
2433	2433	0	0	
2434	2434	0	0	
2435	2435	0	0	
2436	2436	0	0	
2437	2437	0	0	
2438	2438	0	0	
2439	2439	0	0	
2440	2440	0	0	
2441	2441	0	0	
2442	2442	0	0	
2443	2443	0	0	
2444	2444	0	0	
2445	2445	0	0	
2446	2446	0	0	
2447	2447	0	0	
2448	2448	0	0	
2449	2449	0	0	
2450	2450	0	0	
2451	2451	0	0	
2452	2452	0	0	
2453	2453	0	0	
2454	2454	0	0	
2455	2455	0	0	
2456	2456	0	0	
2457	2457	0	0	
2458	2458	0	0	
2459	2459	0	0	
2460	2460	0	0	
2461	2461	0	0	
2462	2462	0	0	
2463	2463	0	0	
2464	2464	0	0	
2465	2465	0	0	
2466	2466	0	0	
2467	2467	0	0	
2468	2468	0	0	
2469	2469	0	0	
2470	2470	0	0	
2471	2471	0	0	
2472	2472	0	0	
2473	2473	0	0	
2474	2474	0	0	
2475	2475	0	0	
2476	2476	0	0	
2477	2477	0	0	
2478	2478	0	0	
2479	2479	0	0	
2480	2480	0	0	
2481	2481	0	0	
2482	2482	0	0	
2483	2483	0	0	
2484	2484	0	0	
2485	2485	0	0	
2486	2486	0	0	
2487	2487	0	0	
2488	2488	0	0	
2489	2489	0	0	
2490	2490	0	0	
2491	2491	0	0	
2492	2492	0	0	
2493	2493	0	0	
2494	2494	0	0	
2495	2495	0	0	
2496	2496	0	0	
2497	2497	0	0	
2498	2498	0	0	
2499	2499	0	0	
2500	2500	0	0	
2501	2501	0	0	
2502	2502	0	0	
2503	2503	0	0	
2504	2504	0	0	
2505	2505	0	0	
2506	2506	0	0	
2507	2507	0	0	
2508	2508	0	0	
2509	2509	0	0	
2510	2510	0	0	
2511	2511	0	0	
2512	2512	0	0	
2513	2513	0	0	
2514	2514	0	0	
2515	2515	0	0	
2516	2516	0	0	
2517	2517	0	0	
2518	2518	0	0	
2519	2519	0	0	
2520	2520	0	0	
2521	2521	0	0	
2522	2522	0	0	
2523	2523	0	0	
2524	2524	0	0	
2525	2525	0	0	
2526	2526	0	0	
2527	2527	0	0	
2528	2528	0	0	
2529	2529	0	0	
2530	2530	0	0	
2531	2531	0	0	
2532	2532	0	0	
2533	2533	0	0	
2534	2534	0	0	
2535	2535	0	0	
2536	2536	0	0	
2537	2537	0	0	
2538	2538	0	0	
2539	2539	0	0	
2540	2540	0	0	
2541	2541	0	0	
2542	2542	0	0	
2543	2543	0	0	
2544	2544	0	0	
2545	2545	0	0	
2546	2546	0	0	
2547	2547	0	0	
2548	2548	0	0	
2549	2549	0	0	
2550	2550	0	0	
2551	2551	0	0	
2552	2552	0	0	
2553	2553	0	0	
2554	2554	0	0	
2555	2555	0	0	
2556	2556	0	0	
2557	2557	0	0	
2558	2558	0	0	
2559	2559	0	0	
2560	2560	0	0	
2561	2561	0	0	
2562	2562	0	0	
2563	2563	0	0	
2564	2564	0	0	
2565	2565	0	0	
2566	2566	0	0	
2567	2567	0	0	
2568	2568	0	0	
2569	2569	0	0	
2570	2570	0	0	
2571	2571	0	0	
2572	2572	0	0	
2573	2573	0	0	
2574	2574	0	0	
2575	2575	0	0	
2576	2576	0	0	
2577	2577	0	0	
2578	2578	0	0	
2579	2579	0	0	
2580	2580	0	0	
2581	2581	0	0	
2582	2582	0	0	
2583	2583	0	0	
2584	2584	0	0	
2585	2585	0	0	
2586	2586	0	0	
2587	2587	0	0	
2588	2588	0	0	
2589	2589	0	0	
2590	2590	0	0	
2591	2591	0	0	
2592	2592	0	0	
2593	2593	0	0	
2594	2594	0	0	
2595	2595	0	0	
2596	2596	0	0	
2597	2597	0	0	
2598	2598	0	0	
2599	2599	0	0	
2600	2600	0	0	
2601	2601	0	0	
2602	2602	0	0	
2603	2603	0	0	
2604	2604	0	0	
2605	2605	0	0	
2606	2606	0	0	
2607	2607	0	0	
2608	2608	0	0	
2609	2609	0	0	
2610	2610	0	0	
2611	2611	0	0	
2612	2612	0	0	
2613	2613	0	0	
2614	2614	0	0	
2615	2615	0	0	
2616	2616	0	0	
2617	2617	0	0	
2618	2618	0	0	
2619	2619	0	0	
2620	2620	0	0	
2621	2621	0	0	
2622	2622	0	0	
2623	2623	0	0	
2624	2624	0	0	
2625	2625	0	0	
2626	2626	0	0	
2627	2627	0	0	
2628	2628	0	0	
2629	2629	0	0	
2630	2630	0	0	
2631	2631	0	0	
2632	2632	0	0	
2633	2633	0	0	
2634	2634	0	0	
2635	2635	0	0	
2636	2636	0	0	
2637	2637	0	0	
2638	2638	0	0	
2639	2639	0	0	
2640	2640	0	0	
2641	2641	0	0	
2642	2642	0	0	
2643	2643	0	0	
2644	2644	0	0	
2645	2645	0	0	
2646	2646	0	0	
2647	2647	0	0	
2648	2648	0	0	
2649	2649	0	0	
2650	2650	0	0	
2651	2651	0	0	
2652	2652	0	0	
2653	2653	0	0	
2654	2654	0	0	
2655	2655	0	0	
2656	2656	0	0	
2657	2657	0	0	
2658	2658	0	0	
2659	2659	0	0	
2660	2660	0	0	
2661	2661	0	0	
2662	2662	0	0	
2663	2663	0	0	
2664	2664	0	0	
2665	2665	0	0	
2666	2666	0	0	
2667	2667	0	0	
2668	2668	0	0	
2669	2669	0	0	
2670	2670	0	0	
2671	2671	0	0	
2672	2672	0	0	
2673	2673	0	0	
2674	2674	0	0	
2675	2675	0	0	
2676	2676	0	0	
2677	2677	0	0	
2678	2678	0	0	
2679	2679	0	0	
2680	2680	0	0	
2681	2681	0	0	
2682	2682	0	0	
2683	2683	0	0	
2684	2684	0	0	
2685	2685	0	0	
2686	2686	0	0	
2687	2687	0	0	
2688	2688	0	0	
2689	2689	0	0	
2690	2690	0	0	
2691	2691	0	0	
2692	2692	0	0	
2693	2693	0	0	
2694	2694	0	0	
2695	2695	0	0	
2696	2696	0	0	
2697	2697	0	0	
2698	2698	0	0	
2699	2699	0	0	
2700	2700	0	0	
2701	2701	0	0	
2702	2702	0	0	
2703	2703	0	0	
2704	2704	0	0	
2705	2705	0	0	
2706	2706	0	0	
2707	2707	0	0	
2708	2708	0	0	
2709	2709	0	0	
2710	2710	0	0	
2711	2711	0	0	
2712	2712	0	0	
2713	2713	0	0	
2714	2714	0	0	
2715	2715	0	0	
2716	2716	0	0	
2717	2717	0	0	
2718	2718	0	0	
2719	2719	0	0	
2720	2720	0	0	
2721	2721	0	0	
2722	2722	0	0	
2723	2723	0	0	
2724	2724	0	0	
2725	2725	0	0	
2726	2726	0	0	
2727	2727	0	0	
2728	2728	0	0	
2729	2729	0	0	
2730	2730	0	0	
2731	2731	0	0	
2732	2732	0	0	
2733	2733	0	0	
2734	2734	0	0	
2735	2735	0	0	
2736	2736	0	0	
2737	2737	0	0	
2738	2738	0	0	
2739	2739	0	0	
2740	2740	0	0	
2741	2741	0	0	
2742	2742	0	0	
2743	2743	0	0	
2744	2744	0	0	
2745	2745	0	0	
2746	2746	0	0	
2747	2747	0	0	
2748	2748	0	0	
2749	2749	0	0	
2750	2750	0	0	
2751	2751	0	0	
2752	2752	0	0	
2753	2753	0	0	
2754	2754	0	0	
2755	2755	0	0	
2756	2756	0	0	
2757	2757	0	0	
2758	2758	0	0	
2759	2759	0	0	
2760	2760	0	0	
2761	2761	0	0	
2762	2762	0	0	
2763	2763	0	0	
2764	2764	0	0	
2765	2765	0	0	
2766	2766	0	0	
2767	2767	0	0	
2768	2768	0	0	
2769	2769	0	0	
2770	2770	0	0	
2771	2771	0	0	
2772	2772	0	0	
2773	2773	0	0	
2774	2774	0	0	
2775	2775	0	0	
2776	2776	0	0	
2777	2777	0	0	
2778	2778	0	0	
2779	2779	0	0	
2780	2780	0	0	
2781	2781	0	0	
2782	2782	0	0	
2783	2783	0	0	
2784	2784	0	0	
2785	2785	0	0	
2786	2786	0	0	
2787	2787	0	0	
2788	2788	0	0	
2789	2789	0	0	
2790	2790	0	0	
2791	2791	0	0	
2792	2792	0	0	
2793	2793	0	0	
2794	2794	0	0	
2795	2795	0	0	
2796	2796	0	0	
2797	2797	0	0	
2798	2798	0	0	
2799	2799	0	0	
2800	2800	0	0	
2801	2801	0	0	
2802	2802	0	0	
2803	2803	0	0	
2804	2804	0	0	
2805	2805	0	0	
2806	2806	0	0	
2807	2807	0	0	
2808	2808	0	0	
2809	2809	0	0	
2810	2810	0	0	
2811	2811	0	0	
2812	2812	0	0	
2813	2813	0	0	
2814	2814	0	0	
2815	2815	0	0	
2816	2816	0	0	
2817	2817	0	0	
2818	2818	0	0	
2819	2819	0	0	
2820	2820	0	0	
2821	2821	0	0	
2822	2822	0	0	
2823	2823	0	0	
2824	2824	0	0	
2825	2825	0	0	
2826	2826	0	0	
2827	2827	0	0	
2828	2828	0	0	
2829	2829	0	0	
2830	2830	0	0	
2831	2831	0	0	
2832	2832	0	0	
2833	2833	0	0	
2834	2834	0	0	
2835	2835	0	0	
2836	2836	0	0	
2837	2837	0	0	
2838	2838	0	0	
2839	2839	0	0	
2840	2840	0	0	
2841	2841	0	0	
2842	2842	0	0	
2843	2843	0	0	
2844	2844	0	0	
2845	2845	0	0	
2846	2846	0	0	
2847	2847	0	0	
2848	2848	0	0	
2849	2849	0	0	
2850	2850	0	0	
2851	2851	0	0	
2852	2852	0	0	
2853	2853	0	0	
2854	2854	0	0	
2855	2855	0	0	
2856	2856	0	0	
2857	2857	0	0	
2858	2858	0	0	
2859	2859	0	0	
2860	2860	0	0	
2861	2861	0	0	
2862	2862	0	0	
2863	2863	0	0	
2864	2864	0	0	
2865	2865	0	0	
2866	2866	0	0	
2867	2867	0	0	
2868	2868	0	0	
2869	2869	0	0	
2870	2870	0	0	
2871	2871	0	0	
2872	2872	0	0	
2873	2873	0	0	
2874	2874	0	0	
2875	2875	0	0	
2876	2876	0	0	
2877	2877	0	0	
2878	2878	0	0	
2879	2879	0	0	
2880	2880	0	0	
2881	2881	0	0	
2882	2882	0	0	
2883	2883	0	0	
2884	2884	0	0	
2885	2885	0	0	
2886	2886	0	0	
2887	2887	0	0	
2888	2888	0	0	
2889	2889	0	0	
2890	2890	0	0	
2891	2891	0	0	
2892	2892	0	0	
2893	2893	0	0	
2894	2894	0	0	
2895	2895	0	0	
2896	2896	0	0	
2897	2897	0	0	
2898	2898	0	0	
2899	2899	0	0	
2900	2900	0	0	
2901	2901	0	0	
2902	2902	0	0	
2903	2903	0	0	
2904	2904	0	0	
2905	2905	0	0	
2906	2906	0	0	
2907	2907	0	0	
2908	2908	0	0	
2909	2909	0	0	
2910	2910	0	0	
2911	2911	0	0	
2912	2912	0	0	
2913	2913	0	0	
2914	2914	0	0	
2915	2915	0	0	
2916	2916	0	0	
2917	2917	0	0	
2918	2918	0	0	
2919	2919	0	0	
2920	2920	0	0	
2921	2921	0	0	
2922	2922	0	0	
2923	2923	0	0	
2924	2924	0	0	
2925	2925	0	0	
2926	2926	0	0	
2927	2927	0	0	
2928	2928	0	0	
2929	2929	0	0	
2930	2930	0	0	
2931	2931	0	0	
2932	2932	0	0	
2933	2933	0	0	
2934	2934	0	0	
2935	2935	0	0	
2936	2936	0	0	
2937	2937	0	0	
2938	2938	0	0	
2939	2939	0	0	
2940	2940	0	0	
2941	2941	0	0	
2942	2942	0	0	
2943	2943	0	0	
2944	2944	0	0	
2945	2945	0	0	
2946	2946	0	0	
2947	2947	0	0	
2948	2948	0	0	
2949	2949	0	0	
2950	2950	0	0	
2951	2951	0	0	
2952	2952	0	0	
2953	2953	0	0	
2954	2954	0	0	
2955	2955	0	0	
2956	2956	0	0	
2957	2957	0	0	
2958	2958	0	0	
2959	2959	0	0	
2960	2960	0	0	
2961	2961	0	0	
2962	2962	0	0	
2963	2963	0	0	
2964	2964	0	0	
2965	2965	0	0	
2966	2966	0	0	
2967	2967	0	0	
2968	2968	0	0	
2969	2969	0	0	
2970	2970	0	0	
2971	2971	0	0	
2972	2972	0	0	
2973	2973	0	0	
2974	2974	0	0	
2975	2975	0	0	
2976	2976	0	0	
2977	2977	0	0	
2978	2978	0	0	
2979	2979	0	0	
2980	2980	0	0	
2981	2981	0	0	
2982	2982	0	0	
2983	2983	0	0	
2984	2984	0	0	
2985	2985	0	0	
2986	2986	0	0	
2987	2987	0	0	
2988	2988	0	0	
2989	2989	0	0	
2990	2990	0	0	
2991	2991	0	0	
2992	2992	0	0	
2993	2993	0	0	
2994	2994	0	0	
2995	2995	0	0	
2996	2996	0	0	
2997	2997	0	0	
2998	2998	0	0	
2999	2999	0	0	
3000	3000	0	0	
3001	3001	0	0	
3002	3002	0	0	
3003	3003	0	0	
3004	3004	0	0	
3005	3005	0	0	
3006	3006	0	0	
3007	3007	0	0	
3008	3008	0	0	
3009	3009	0	0	
3010	3010	0	0	
3011	3011	0	0	
3012	3012	0	0	
3013	3013	0	0	
3014	3014	0	0	
3015	3015	0	0	
3016	3016	0	0	
3017	3017	0	0	
3018	3018	0	0	
3019	3019	0	0	
3020	3020	0	0	
3021	3021	0	0	
3022	3022	0	0	
3023	3023	0	0	
3024	3024	0	0	
3025	3025	0	0	
3026	3026	0	0	
3027	3027	0	0	
3028	3028	0	0	
3029	3029	0	0	
3030	3030	0	0	
3031	3031	0	0	
3032	3032	0	0	
3033	3033	0	0	
3034	3034	0	0	
3035	3035	0	0	
3036	3036	0	0	
3037	3037	0	0	
3038	3038	0	0	
3039	3039	0	0	
3040	3040	0	0	
3041	3041	0	0	
3042	3042	0	0	
3043	3043	0	0	
3044	3044	0	0	
3045	3045	0	0	
3046	3046	0	0	
3047	3047	0	0	
3048	3048	0	0	
3049	3049	0	0	
3050	3050	0	0	
3051	3051	0	0	
3052	3052	0	0	
3053	3053	0	0	
3054	3054	0	0	
3055	3055	0	0	
3056	3056	0	0	
3057	3057	0	0	
3058	3058	0	0	
3059	3059	0	0	
3060	3060	0	0	
3061	3061	0	0	
3062	3062	0	0	
3063	3063	0	0	
3064	3064	0	0	
3065	3065	0	0	
3066	3066	0	0	
3067	3067	0	0	
3068	3068	0	0	
3069	3069	0	0	
3070	3070	0	0	
3071	3071	0	0	
3072	3072	0	0	
3073	3073	0	0	
3074	3074	0	0	
3075	3075	0	0	
3076	3076	0	0	
3077	3077	0	0	
3078	3078	0	0	
3079	3079	0	0	
3080	3080	0	0	
3081	3081	0	0	
3082	3082	0	0	
3083	3083	0	0	
3084	3084	0	0	
3085	3085	0	0	
3086	3086	0	0	
3087	3087	0	0	
3088	3088	0	0	
3089	3089	0	0	
3090	3090	0	0	
3091	3091	0	0	
3092	3092	0	0	
3093	3093	0	0	
3094	3094	0	0	
3095	3095	0	0	
3096	3096	0	0	
3097	3097	0	0	
3098	3098	0	0	
3099	3099	0	0	
3100	3100	0	0	
3101	3101	0	0	
3102	3102	0	0	
3103	3103	0	0	
3104	3104	0	0	
3105	3105	0	0	
3106	3106	0	0	
3107	3107	0	0	
3108	3108	0	0	
3109	3109	0	0	
3110	3110	0	0	
3111	3111	0	0	
3112	3112	0	0	
3113	3113	0	0	
3114	3114	0	0	
3115	3115	0	0	
3116	3116	0	0	
3117	3117	0	0	
3118	3118	0	0	
3119	3119	0	0	
3120	3120	0	0	
3121	3121	0	0	
3122	3122	0	0	
3123	3123	0	0	
3124	3124	0	0	
3125	3125	0	0	
3126	3126	0	0	
3127	3127	0	0	
3128	3128	0	0	
3129	3129	0	0	
3130	3130	0	0	
3131	3131	0	0	
3132	3132	0	0	
3133	3133	0	0	
3134	3134	0	0	
3135	3135	0	0	
3136	3136	0	0	
3137	3137	0	0	
3138	3138	0	0	
3139	3139	0	0	
3140	3140	0	0	
3141	3141	0	0	
3142	3142	0	0	
3143	3143	0	0	
3144	3144	0	0	
3145	3145	0	0	
3146	3146	0	0	
3147	3147	0	0	
3148	3148	0	0	
3149	3149	0	0	
3150	3150	0	0	
3151	3151	0	0	
3152	3152	0	0	
3153	3153	0	0	
3154	3154	0	0	
3155	3155	0	0	
3156	3156	0	0	
3157	3157	0	0	
3158	3158	0	0	
3159	3159	0	0	
3160	3160	0	0	
3161	3161	0	0	
3162	3162	0	0	
3163	3163	0	0	
3164	3164	0	0	
3165	3165	0	0	
3166	3166	0	0	
3167	3167	0	0	
3168	3168	0	0	
3169	3169	0	0	
3170	3170	0	0	
3171	3171	0	0	
3172	3172	0	0	
3173	3173	0	0	
3174	3174	0	0	
3175	3175	0	0	
3176	3176	0	0	
3177	3177	0	0	
3178	3178	0	0	
3179	3179	0	0	
3180	3180	0	0	
3181	3181	0	0	
3182	3182	0	0	
3183	3183	0	0	
3184	3184	0	0	
3185	3185	0	0	
3186	3186	0	0	
3187	3187	0	0	
3188	3188	0	0	
3189	3189	0	0	
3190	3190	0	0	
3191	3191	0	0	
3192	3192	0	0	
3193	3193	0	0	
3194	3194	0	0	
3195	3195	0	0	
3196	3196	0	0	
3197	3197	0	0	
3198	3198	0	0	
3199	3199	0	0	
3200	3200	0	0	
3201	3201	0	0	
3202	3202	0	0	
3203	3203	0	0	
3204	3204	0	0	
3205	3205	0	0	
3206	3206	0	0	
3207	3207	0	0	
3208	3208	0	0	
3209	3209	0	0	
3210	3210	0	0	
3211	3211	0	0	
3212	3212	0	0	
3213	3213	0	0	
3214	3214	0	0	
3215	3215	0	0	
3216	3216	0	0	
3217	3217	0	0	
3218	3218	0	0	
3219	3219	0	0	
3220	3220	0	0	
3221	3221	0	0	
3222	3222	0	0	
3223	3223	0	0	
3224	3224	0	0	
3225	3225	0	0	
3226	3226	0	0	
3227	3227	0	0	
3228	3228	0	0	
3229	3229	0	0	
3230	3230	0	0	
3231	3231	0	0	
3232	3232	0	0	
3233	3233	0	0	
3234	3234	0	0	
3235	3235	0	0	
3236	3236	0	0	
3237	3237	0	0	
3238	3238	0	0	
3239	3239	0	0	
3240	3240	0	0	
3241	3241	0	0	
3242	3242	0	0	
3243	3243	0	0	
3244	3244	0	0	
3245	3245	0	0	
3246	3246	0	0	
3247	3247	0	0	
3248	3248	0	0	
3249	3249	0	0	
3250	3250	0	0	
3251	3251	0	0	
3252	3252	0	0	
3253	3253	0	0	
3254	3254	0	0	
3255	3255	0	0	
3256	3256	0	0	
3257	3257	0	0	
3258	3258	0	0	
3259	3259	0	0	
3260	3260	0	0	
3261	3261	0	0	
3262	3262	0	0	
3263	3263	0	0	
3264	3264	0	0	
3265	3265	0	0	
3266	3266	0	0	
3267	3267	0	0	
3268	3268	0	0	
3269	3269	0	0	
3270	3270	0	0	
3271	3271	0	0	
3272	3272	0	0	
3273	3273	0	0	
3274	3274	0	0	
3275	3275	0	0	
3276	3276	0	0	
3277	3277	0	0	
3278	3278	0	0	
3279	3279	0	0	
3280	3280	0	0	
3281	3281	0	0	
3282	3282	0	0	
3283	3283	0	0	
3284	3284	0	0	
3285	3285	0	0	
3286	3286	0	0	
3287	3287	0	0	
3288	3288	0	0	
3289	3289	0	0	
3290	3290	0	0	
3291	3291	0	0	
3292	3292	0	0	
3293	3293	0	0	
3294	3294	0	0	
3295	3295	0	0	
3296	3296	0	0	
3297	3297	0	0	
3298	3298	0	0	
3299	3299	0	0	
3300	3300	0	0	
3301	3301	0	0	
3302	3302	0	0	
3303	3303	0	0	
3304	3304	0	0	
3305	3305	0	0	
3306	3306	0	0	
3307	3307	0	0	
3308	3308	0	0	
3309	3309	0	0	
3310	3310	0	0	
3311	3311	0	0	
3312	3312	0	0	
3313	3313	0	0	
3314	3314	0	0	
3315	3315	0	0	
3316	3316	0	0	
3317	3317	0	0	
3318	3318	0	0	
3319	3319	0	0	
3320	3320	0	0	
3321	3321	0	0	
3322	3322	0	0	
3323	3323	0	0	
3324	3324	0	0	
3325	3325	0	0	
3326	3326	0	0	
3327	3327	0	0	
3328	3328	0	0	
3329	3329	0	0	
3330	3330	0	0	
3331	3331	0	0	
3332	3332	0	0	
3333	3333	0	0	
3334	3334	0	0	
3335	3335	0	0	
3336	3336	0	0	
3337	3337	0	0	
3338	3338	0	0	
3339	3339	0	0	
3340	3340	0	0	
3341	3341	0	0	
3342	3342	0	0	
3343	3343	0	0	
3344	3344	0	0	
3345	3345	0	0	
3346	3346	0	0	
3347	3347	0	0	
3348	3348	0	0	
3349	3349	0	0	
3350	3350	0	0	
3351	3351	0	0	
3352	3352	0	0	
3353	3353	0	0	
3354	3354	0	0	
3355	3355	0	0	
3356	3356	0	0	
3357	3357	0	0	
3358	3358	0	0	
3359	3359	0	0	
3360	3360	0	0	
3361	3361	0	0	
3362	3362	0	0	
3363	3363	0	0	
3364	3364	0	0	
3365	3365	0	0	
3366	3366	0	0	
3367	3367	0	0	
3368	3368	0	0	
3369	3369	0	0	
3370	3370	0	0	
3371	3371	0	0	
3372	3372	0	0	
3373	3373	0	0	
3374	3374	0	0	
3375	3375	0	0	
3376	3376	0	0	
3377	3377	0	0	
3378	3378	0	0	
3379	3379	0	0	
3380	3380	0	0	
3381	3381	0	0	
3382	3382	0	0	
3383	3383	0	0	
3384	3384	0	0	
3385	3385	0	0	
3386	3386	0	0	
3387	3387	0	0	
3388	3388	0	0	
3389	3389	0	0	
3390	3390	0	0	
3391	3391	0	0	
3392	3392	0	0	
3393	3393	0	0	
3394	3394	0	0	
3395	3395	0	0	
3396	3396	0	0	
3397	3397	0	0	
3398	3398	0	0	
3399	3399	0	0	
3400	3400	0	0	
3401	3401	0	0	
3402	3402	0	0	
3403	3403	0	0	
3404	3404	0	0	
3405	3405	0	0	
3406	3406	0	0	
3407	3407	0	0	
3408	3408	0	0	
3409	3409	0	0	
3410	3410	0	0	
3411	3411	0	0	
3412	3412	0	0	
3413	3413	0	0	
3414	3414	0	0	
3415	3415	0	0	
3416	3416	0	0	
3417	3417	0	0	
3418	3418	0	0	
3419	3419	0	0	
3420	3420	0	0	
3421	3421	0	0	
3422	3422	0	0	
3423	3423	0	0	
3424	3424	0	0	
3425	3425	0	0	
3426	3426	0	0	
3427	3427	0	0	
3428	3428	0	0	
3429	3429	0	0	
3430	3430	0	0	
3431	3431	0	0	
3432	3432	0	0	
3433	3433	0	0	
3434	3434	0	0	
3435	3435	0	0	
3436	3436	0	0	
3437	3437	0	0	
3438	3438	0	0	
3439	3439	0	0	
3440	3440	0	0	
3441	3441	0	0	
3442	3442	0	0	
3443	3443	0	0	
3444	3444	0	0	
3445	3445	0	0	
3446	3446	0	0	
3447	3447	0	0	
3448	3448	0	0	
3449	3449	0	0	
3450	3450	0	0	
3451	3451	0	0	
3452	3452	0	0	
3453	3453	0	0	
3454	3454	0	0	
3455	3455	0	0	
3456	3456	0	0	
3457	3457	0	0	
3458	3458	0	0	
3459	3459	0	0	
3460	3460	0	0	
3461	3461	0	0	
3462	3462	0	0	
3463	3463	0	0	
3464	3464	0	0	
3465	3465	0	0	
3466	3466	0	0	
3467	3467	0	0	
3468	3468	0	0	
3469	3469	0	0	
3470	3470	0	0	
3471	3471	0	0	
3472	3472	0	0	
3473	3473	0	0	
3474	3474	0	0	
3475	3475	0	0	
3476	3476	0	0	
3477	3477	0	0	
3478	3478	0	0	
3479	3479	0	0	
3480	3480	0	0	
3481	3481	0	0	
3482	3482	0	0	
3483	3483	0	0	
3484	3484	0	0	
3485	3485	0	0	
3486	3486	0	0	
3487	3487	0	0	
3488	3488	0	0	
3489	3489	0	0	
3490	3490	0	0	
3491	3491	0	0	
3492	3492	0	0	
3493	3493	0	0	
3494	3494	0	0	
3495	3495	0	0	
3496	3496	0	0	
3497	3497	0	0	
3498	3498	0	0	
3499	3499	0	0	
3500	3500	0	0	
3501	3501	0	0	
3502	3502	0	0	
3503	3503	0	0	
3504	3504	0	0	
3505	3505	0	0	
3506	3506	0	0	
3507	3507	0	0	
3508	3508	0	0	
3509	3509	0	0	
3510	3510	0	0	
3511	3511	0	0	
3512	3512	0	0	
3513	3513	0	0	
3514	3514	0	0	
3515	3515	0	0	
3516	3516	0	0	
3517	3517	0	0	
3518	3518	0	0	
3519	3519	0	0	
3520	3520	0	0	
3521	3521	0	0	
3522	3522	0	0	
3523	3523	0	0	
3524	3524	0	0	
3525	3525	0	0	
3526	3526	0	0	
3527	3527	0	0	
3528	3528	0	0	
3529	3529	0	0	
3530	3530	0	0	
3531	3531	0	0	
3532	3532	0	0	
3533	3533	0	0	
3534	3534	0	0	
3535	3535	0	0	
3536	3536	0	0	
3537	3537	0	0	
3538	3538	0	0	
3539	3539	0	0	
3540	3540	0	0	
3541	3541	0	0	
3542	3542	0	0	
3543	3543	0	0	
3544	3544	0	0	
3545	3545	0	0	
3546	3546	0	0	
3547	3547	0	0	
3548	3548	0	0	
3549	3549	0	0	
3550	3550	0	0	
3551	3551	0	0	
3552	3552	0	0	
3553	3553	0	0	
3554	3554	0	0	
3555	3555	0	0	
3556	3556	0	0	
3557	3557	0	0	
3558	3558	0	0	
3559	3559	0	0	
3560	3560	0	0	
3561	3561	0	0	
3562	3562	0	0	
3563	3563	0	0	
3564	3564	0	0	
3565	3565	0	0	
3566	3566	0	0	
3567	3567	0	0	
3568	3568	0	0	
3569	3569	0	0	
3570	3570	0	0	
3571	3571	0	0	
3572	3572	0	0	
3573	3573	0	0	
3574	3574	0	0	
3575	3575	0	0	
3576	3576	0	0	
3577	3577	0	0	
3578	3578	0	0	
3579	3579	0	0	
3580	3580	0	0	
3581	3581	0	0	
3582	3582	0	0	
3583	3583	0	0	
3584	3584	0	0	
3585	3585	0	0	
3586	3586	0	0	
3587	3587	0	0	
3588	3588	0	0	
3589	3589	0	0	
3590	3590	0	0	
3591	3591	0	0	
3592	3592	0	0	
3593	3593	0	0	
3594	3594	0	0	
3595	3595	0	0	
3596	3596	0	0	
3597	3597	0	0	
3598	3598	0	0	
3599	3599	0	0	
3600	3600	0	0	
3601	3601	0	0	
3602	3602	0	0	
3603	3603	0	0	
3604	3604	0	0	
3605	3605	0	0	
3606	3606	0	0	
3607	3607	0	0	
3608	3608	0	0	
3609	3609	0	0	
3610	3610	0	0	
3611	3611	0	0	
3612	3612	0	0	
3613	3613	0	0	
3614	3614	0	0	
3615	3615	0	0	
3616	3616	0	0	
3617	3617	0	0	
3618	3618	0	0	
3619	3619	0	0	
3620	3620	0	0	
3621	3621	0	0	
3622	3622	0	0	
3623	3623	0	0	
3624	3624	0	0	
3625	3625	0	0	
3626	3626	0	0	
3627	3627	0	0	
3628	3628	0	0	
3629	3629	0	0	
3630	3630	0	0	
3631	3631	0	0	
3632	3632	0	0	
3633	3633	0	0	
3634	3634	0	0	
3635	3635	0	0	
3636	3636	0	0	
3637	3637	0	0	
3638	3638	0	0	
3639	3639	0	0	
3640	3640	0	0	
3641	3641	0	0	
3642	3642	0	0	
3643	3643	0	0	
3644	3644	0	0	
3645	3645	0	0	
3646	3646	0	0	
3647	3647	0	0	
3648	3648	0	0	
3649	3649	0	0	
3650	3650	0	0	
3651	3651	0	0	
3652	3652	0	0	
3653	3653	0	0	
3654	3654	0	0	
3655	3655	0	0	
3656	3656	0	0	
3657	3657	0	0	
3658	3658	0	0	
3659	3659	0	0	
3660	3660	0	0	
3661	3661	0	0	
3662	3662	0	0	
3663	3663	0	0	
3664	3664	0	0	
3665	3665	0	0	
3666	3666	0	0	
3667	3667	0	0	
3668	3668	0	0	
3669	3669	0	0	
3670	3670	0	0	
3671	3671	0	0	
3672	3672	0	0	
3673	3673	0	0	
3674	3674	0	0	
3675	3675	0	0	
3676	3676	0	0	
3677	3677	0	0	
3678	3678	0	0	
3679	3679	0	0	
3680	3680	0	0	
3681	3681	0	0	
3682	3682	0	0	
3683	3683	0	0	
3684	3684	0	0	
3685	3685	0	0	
3686	3686	0	0	
3687	3687	0	0	
3688	3688	0	0	
3689	3689	0	0	
3690	3690	0	0	
3691	3691	0	0	
3692	3692	0	0	
3693	3693	0	0	
3694	3694	0	0	
3695	3695	0	0	
3696	3696	0	0	
3697	3697	0	0	
3698	3698	0	0	
3699	3699	0	0	
3700	3700	0	0	
3701	3701	0	0	
3702	3702	0	0	
3703	3703	0	0	
3704	3704	0	0	
3705	3705	0	0	
3706	3706	0	0	
3707	3707	0	0	
3708	3708	0	0	
3709	3709	0	0	
3710	3710	0	0	
3711	3711	0	0	
3712	3712	0	0	
3713	3713	0	0	
3714	3714	0	0	
3715	3715	0	0	
3716	3716	0	0	
3717	3717	0	0	
3718	3718	0	0	
3719	3719	0	0	
3720	3720	0	0	
3721	3721	0	0	
3722	3722	0	0	
3723	3723	0	0	
3724	3724	0	0	
3725	3725	0	0	
3726	3726	0	0	
3727	3727	0	0	
3728	3728	0	0	
3729	3729	0	0	
3730	3730	0	0	
3731	3731	0	0	
3732	3732	0	0	
3733	3733	0	0	
3734	3734	0	0	
3735	3735	0	0	
3736	3736	0	0	
3737	3737	0	0	
3738	3738	0	0	
3739	3739	0	0	
3740	3740	0	0	
3741	3741	0	0	
3742	3742	0	0	
3743	3743	0	0	
3744	3744	0	0	
3745	3745	0	0	
3746	3746	0	0	
3747	3747	0	0	
3748	3748	0	0	
3749	3749	0	0	
3750	3750	0	0	
3751	3751	0	0	
3752	3752	0	0	
3753	3753	0	0	
3754	3754	0	0	
3755	3755	0	0	
3756	3756	0	0	
3757	3757	0	0	
3758	3758	0	0	
3759	3759	0	0	
3760	3760	0	0	
3761	3761	0	0	
3762	3762	0	0	
3763	3763	0	0	
3764	3764	0	0	
3765	3765	0	0	
3766	3766	0	0	
3767	3767	0	0	
3768	3768	0	0	
3769	3769	0	0	
3770	3770	0	0	
3771	3771	0	0	
3772	3772	0	0	
3773	3773	0	0	
3774	3774	0	0	
3775	3775	0	0	
3776	3776	0	0	
3777	3777	0	0	
3778	3778	0	0	
3779	3779	0	0	
3780	3780	0	0	
3781	3781	0	0	
3782	3782	0	0	
3783	3783	0	0	
3784	3784	0	0	
3785	3785	0	0	
3786	3786	0	0	
3787	3787	0	0	
3788	3788	0	0	
3789	3789	0	0	
3790	3790	0	0	
3791	3791	0	0	
3792	3792	0	0	
3793	3793	0	0	
3794	3794	0	0	
3795	3795	0	0	
3796	3796	0	0	
3797	3797	0	0	
3798	3798	0	0	
3799	3799	0	0	
3800	3800	0	0	
3801	3801	0	0	
3802	3802	0	0	
3803	3803	0	0	
3804	3804	0	0	
3805	3805	0	0	
3806	3806	0	0	
3807	3807	0	0	
3808	3808	0	0	
3809	3809	0	0	
3810	3810	0	0	
3811	3811	0	0	
3812	3812	0	0	
3813	3813	0	0	
3814	3814	0	0	
3815	3815	0	0	
3816	3816	0	0	
3817	3817	0	0	
3818	3818	0	0	
3819	3819	0	0	
3820	3820	0	0	
3821	3821	0	0	
3822	3822	0	0	
3823	3823	0	0	
3824	3824	0	0	
3825	3825	0	0	
3826	3826	0	0	
3827	3827	0	0	
3828	3828	0	0	
3829	3829	0	0	
3830	3830	0	0	
3831	3831	0	0	
3832	3832	0	0	
3833	3833	0	0	
3834	3834	0	0	
3835	3835	0	0	
3836	3836	0	0	
3837	3837	0	0	
3838	3838	0	0	
3839	3839	0	0	
3840	3840	0	0	
3841	3841	0	0	
3842	3842	0	0	
3843	3843	0	0	
3844	3844	0	0	
3845	3845	0	0	
3846	3846	0	0	
3847	3847	0	0	
3848	3848	0	0	
3849	3849	0	0	
3850	3850	0	0	
3851	3851	0	0	
3852	3852	0	0	
3853	3853	0	0	
3854	3854	0	0	
3855	3855	0	0	
3856	3856	0	0	
3857	3857	0	0	
3858	3858	0	0	
3859	3859	0	0	
3860	3860	0	0	
3861	3861	0	0	
3862	3862	0	0	
3863	3863	0	0	
3864	3864	0	0	
3865	3865	0	0	
3866	3866	0	0	
3867	3867	0	0	
3868	3868	0	0	
3869	3869	0	0	
3870	3870	0	0	
3871	3871	0	0	
3872	3872	0	0	
3873	3873	0	0	
3874	3874	0	0	
3875	3875	0	0	
3876	3876	0	0	
3877	3877	0	0	
3878	3878	0	0	
3879	3879	0	0	
3880	3880	0	0	
3881	3881	0	0	
3882	3882	0	0	
3883	3883	0	0	
3884	3884	0	0	
3885	3885	0	0	
3886	3886	0	0	
3887	3887	0	0	
3888	3888	0	0	
3889	3889	0	0	
3890	3890	0	0	
3891	3891	0	0	
3892	3892	0	0	
3893	3893	0	0	
3894	3894	0	0	
3895	3895	0	0	
3896	3896	0	0	
3897	3897	0	0	
3898	3898	0	0	
3899	3899	0	0	
3900	3900	0	0	
3901	3901	0	0	
3902	3902	0	0	
3903	3903	0	0	
3904	3904	0	0	
3905	3905	0	0	
3906	3906	0	0	
3907	3907	0	0	
3908	3908	0	0	
3909	3909	0	0	
3910	3910	0	0	
3911	3911	0	0	
3912	3912	0	0	
3913	3913	0	0	
3914	3914	0	0	
3915	3915	0	0	
3916	3916	0	0	
3917	3917	0	0	
3918	3918	0	0	
3919	3919	0	0	
3920	3920	0	0	
3921	3921	0	0	
3922	3922	0	0	
3923	3923	0	0	
3924	3924	0	0	
3925	3925	0	0	
3926	3926	0	0	
3927	3927	0	0	
3928	3928	0	0	
3929	3929	0	0	
3930	3930	0	0	
3931	3931	0	0	
3932	3932	0	0	
3933	3933	0	0	
3934	3934	0	0	
3935	3935	0	0	
3936	3936	0	0	
3937	3937	0	0	
3938	3938	0	0	
3939	3939	0	0	
3940	3940	0	0	
3941	3941	0	0	
3942	3942	0	0	
3943	3943	0	0	
3944	3944	0	0	
3945	3945	0	0	
3946	3946	0	0	
3947	3947	0	0	
3948	3948	0	0	
3949	3949	0	0	
3950	3950	0	0	
3951	3951	0	0	
3952	3952	0	0	
3953	3953	0	0	
3954	3954	0	0	
3955	3955	0	0	
3956	3956	0	0	
3957	3957	0	0	
3958	3958	0	0	
3959	3959	0	0	
3960	3960	0	0	
3961	3961	0	0	
3962	3962	0	0	
3963	3963	0	0	
3964	3964	0	0	
3965	3965	0	0	
3966	3966	0	0	
3967	3967	0	0	
3968	3968	0	0	
3969	3969	0	0	
3970	3970	0	0	
3971	3971	0	0	
3972	3972	0	0	
3973	3973	0	0	
3974	3974	0	0	
3975	3975	0	0	
3976	3976	0	0	
3977	3977	0	0	
3978	3978	0	0	
3979	3979	0	0	
3980	3980	0	0	
3981	3981	0	0	
3982	3982	0	0	
3983	3983	0	0	
3984	3984	0	0	
3985	3985	0	0	
3986	3986	0	0	
3987	3987	0	0	
3988	3988	0	0	
3989	3989	0	0	
3990	3990	0	0	
3991	3991	0	0	
3992	3992	0	0	
3993	3993	0	0	
3994	3994	0	0	
3995	3995	0	0	
3996	3996	0	0	
3997	3997	0	0	
3998	3998	0	0	
3999	3999	0	0	
4000	4000	0	0	
4001	4001	0	0	
4002	4002	0	0	
4003	4003	0	0	
4004	4004	0	0	
4005	4005	0	0	
4006	4006	0	0	
4007	4007	0	0	
4008	4008	0	0	
4009	4009	0	0	
4010	4010	0	0	
4011	4011	0	0	
4012	4012	0	0	
4013	4013	0	0	
4014	4014	0	0	
4015	4015	0	0	
4016	4016	0	0	
4017	4017	0	0	
4018	4018	0	0	
4019	4019	0	0	
4020	4020	0	0	
4021	4021	0	0	
4022	4022	0	0	
4023	4023	0	0	
4024	4024	0	0	
4025	4025	0	0	
4026	4026	0	0	
4027	4027	0	0	
4028	4028	0	0	
4029	4029	0	0	
4030	4030	0	0	
4031	4031	0	0	
4032	4032	0	0	
4033	4033	0	0	
4034	4034	0	0	
4035	4035	0	0	
4036	4036	0	0	
4037	4037	0	0	
4038	4038	0	0	
4039	4039	0	0	
4040	4040	0	0	
4041	4041	0	0	
4042	4042	0	0	
4043	4043	0	0	
4044	4044	0	0	
4045	4045	0	0	
4046	4046	0	0	
4047	4047	0	0	
4048	4048	0	0	
4049	4049	0	0	
4050	4050	0	0	
4051	4051	0	0	
4052	4052	0	0	
4053	4053	0	0	
4054	4054	0	0	
4055	4055	0	0	
4056	4056	0	0	
4057	4057	0	0	
4058	4058	0	0	
4059	4059	0	0	
4060	4060	0	0	
4061	4061	0	0	
4062	4062	0	0	
4063	4063	0	0	
4064	4064	0	0	
4065	4065	0	0	
4066	4066	0	0	
4067	4067	0	0	
4068	4068	0	0	
4069	4069	0	0	
4070	4070	0	0	
4071	4071	0	0	
4072	4072	0	0	
4073	4073	0	0	
4074	4074	0	0	
4075	4075	0	0	
4076	4076	0	0	
4077	4077	0	0	
4078	4078	0	0	
4079	4079	0	0	
4080	4080	0	0	
4081	4081	0	0	
4082	4082	0	0	
4083	4083	0	0	
4084	4084	0	0	
4085	4085	0	0	
4086	4086	0	0	
4087	4087	0	0	
4088	4088	0	0	
4089	4089	0	0	
4090	4090	0	0	
4091	4091	0	0	
4092	4092	0	0	
4093	4093	0	0	
4094	4094	0	0	
4095	4095	0	0	
